0 0.8967592592592593 0 0.999537037037037 0 0.999537037037037 0.014322916666666666 0.9606481481481481 0.028385416666666666 0.9365740740740741 0.04479166666666667 0.9296296296296296 0.047135416666666666 0.9120370370370371 0.040364583333333336 0.9060185185185186 0.03567708333333333 0.8967592592592593 0.00026041666666666666
0 0.8083333333333333 0.38203125 0.9009259259259259 0.38229166666666664 0.9277777777777778 0.38359375 0.9333333333333333 0.3854166666666667 0.9351851851851852 0.39166666666666666 0.9324074074074075 0.396875 0.9180555555555555 0.4036458333333333 0.8773148148148148 0.4114583333333333 0.8495370370370371 0.4127604166666667 0.8111111111111111 0.41041666666666665 0.7412037037037037 0.40989583333333335 0.7347222222222223 0.4080729166666667 0.7574074074074074 0.38359375 0.8078703703703703 0.38203125
0 0.3912037037037037 0.15234375 0.032407407407407406 0.024479166666666666
0 0.6430555555555556 0.007291666666666667 0.6736111111111112 0.011197916666666667 0.7032407407407407 0.020833333333333332 0.712037037037037 0.03177083333333333 0.7157407407407408 0.04348958333333333 0.6912037037037037 0.05963541666666667 0.6685185185185185 0.08359375 0.6240740740740741 0.08958333333333333 0.5986111111111111 0.09973958333333334 0.5898148148148148 0.10026041666666667 0.5782407407407407 0.09947916666666666 0.5717592592592593 0.09713541666666667 0.5587962962962963 0.07135416666666666 0.5324074074074074 0.046875 0.5328703703703703 0.03984375 0.5398148148148149 0.034375 0.5634259259259259 0.027083333333333334 0.5976851851851852 0.011197916666666667 0.6208333333333333 0.0078125 0.6425925925925926 0.007291666666666667
0 0.3425925925925926 0 0.4689814814814815 0 0.4703703703703704 0.0026041666666666665 0.47453703703703703 0.0020833333333333333 0.475462962962963 0 0.5351851851851852 0 0.5476851851851852 0.017708333333333333 0.549537037037037 0.025260416666666667 0.5310185185185186 0.036458333333333336 0.5222222222222223 0.047135416666666666 0.48564814814814816 0.03854166666666667 0.44351851851851853 0.0375 0.41712962962962963 0.040364583333333336 0.3925925925925926 0.05 0.38055555555555554 0.05260416666666667 0.3675925925925926 0.03229166666666667 0.34444444444444444 0.008854166666666666 0.3425925925925926 0.00026041666666666666
0 0.17175925925925925 0.0046875 0.18194444444444444 0.015625 0.1648148148148148 0.037760416666666664 0.15 0.029427083333333333 0.13796296296296295 0.019010416666666665 0.14537037037037037 0.0125 0.15787037037037038 0.007291666666666667 0.1712962962962963 0.0046875
0 0.030555555555555555 0 0.0787037037037037 0 0.07916666666666666 0.0018229166666666667 0.10972222222222222 0.007291666666666667 0.12129629629629629 0.015364583333333333 0.1125 0.016145833333333335 0.0875 0.013020833333333334 0.05740740740740741 0.013802083333333333 0.02175925925925926 0.020052083333333335 0 0.0265625 0 0.01015625 0.03009259259259259 0.0018229166666666667 0.030555555555555555 0.00026041666666666666
0 0.9673611111111111 0.06822916666666666 0.06527777777777778 0.071875
0 0.27546296296296297 0.08125 0.31296296296296294 0.08802083333333334 0.3425925925925926 0.09921875 0.3611111111111111 0.11197916666666667 0.37407407407407406 0.12552083333333333 0.38287037037037036 0.14348958333333334 0.3824074074074074 0.14791666666666667 0.36898148148148147 0.16223958333333333 0.32083333333333336 0.16432291666666668 0.27546296296296297 0.16067708333333333 0.2388888888888889 0.16458333333333333 0.1824074074074074 0.1625 0.1675925925925926 0.13723958333333333 0.1675925925925926 0.13072916666666667 0.1837962962962963 0.109375 0.18425925925925926 0.1 0.18888888888888888 0.09401041666666667 0.19583333333333333 0.09114583333333333 0.21851851851851853 0.08932291666666667 0.2351851851851852 0.084375 0.25787037037037036 0.08125 0.275 0.08125
0 0.7203703703703703 0 0.8925925925925926 0 0.9018518518518519 0.0203125 0.9013888888888889 0.0296875 0.8953703703703704 0.037760416666666664 0.8768518518518519 0.034895833333333334 0.8310185185185185 0.034375 0.7907407407407407 0.029947916666666668 0.7759259259259259 0.029947916666666668 0.7342592592592593 0.03619791666666667 0.7078703703703704 0.019010416666666665 0.7129629629629629 0.0078125 0.7203703703703703 0.00026041666666666666
0 0.6583333333333333 0.38333333333333336 0.6837962962962963 0.38385416666666666 0.6851851851851852 0.39088541666666665 0.6916666666666667 0.39505208333333336 0.6967592592592593 0.4083333333333333 0.6768518518518518 0.4119791666666667 0.6101851851851852 0.41328125 0.5537037037037037 0.41171875 0.5342592592592592 0.39401041666666664 0.5319444444444444 0.3854166666666667 0.6578703703703703 0.38333333333333336
0 0.07962962962962963 0.09296875 0.11064814814814815 0.10052083333333334 0.14305555555555555 0.11822916666666666 0.16574074074074074 0.14010416666666667 0.175 0.15729166666666666 0.175 0.1640625 0.15787037037037038 0.165625 0.01898148148148148 0.16666666666666666 0 0.16640625 0 0.09791666666666667 0.03287037037037037 0.09348958333333333 0.07916666666666666 0.09296875
0 0.7898148148148149 0.030989583333333334 0.8407407407407408 0.036458333333333336 0.8731481481481481 0.049479166666666664 0.8986111111111111 0.07421875 0.9046296296296297 0.08880208333333334 0.9037037037037037 0.10130208333333333 0.8981481481481481 0.10364583333333334 0.8837962962962963 0.10494791666666667 0.8430555555555556 0.10442708333333334 0.7421296296296296 0.11067708333333333 0.7060185185185185 0.11041666666666666 0.674537037037037 0.10703125 0.6703703703703704 0.09973958333333334 0.674074074074074 0.08203125 0.6921296296296297 0.06067708333333333 0.7148148148148148 0.04635416666666667 0.7472222222222222 0.03515625 0.7685185185185185 0.03177083333333333 0.7893518518518519 0.030989583333333334
0 0.21157407407407408 0 0.31805555555555554 0 0.31851851851851853 0.0018229166666666667 0.3287037037037037 0.0033854166666666668 0.3425925925925926 0.010416666666666666 0.35555555555555557 0.021614583333333333 0.3699074074074074 0.03854166666666667 0.375 0.05260416666666667 0.3736111111111111 0.059375 0.36435185185185187 0.06796875 0.3523148148148148 0.0875 0.3453703703703704 0.09270833333333334 0.3384259259259259 0.09322916666666667 0.32083333333333336 0.08984375 0.2962962962962963 0.0828125 0.2652777777777778 0.07942708333333333 0.23703703703703705 0.0828125 0.21574074074074073 0.08776041666666666 0.2 0.08723958333333333 0.19537037037037036 0.08177083333333333 0.19814814814814816 0.061197916666666664 0.1962962962962963 0.053125 0.16944444444444445 0.040625 0.1685185185185185 0.03671875 0.18333333333333332 0.017708333333333333 0.21157407407407408 0.00026041666666666666
0 0.08703703703703704 0.013541666666666667 0.1162037037037037 0.01640625 0.1310185185185185 0.021614583333333333 0.14675925925925926 0.028385416666666666 0.16805555555555557 0.042708333333333334 0.19074074074074074 0.05364583333333333 0.19305555555555556 0.059375 0.19166666666666668 0.08854166666666667 0.18009259259259258 0.09817708333333333 0.17824074074074073 0.10651041666666666 0.15462962962962962 0.12057291666666667 0.1439814814814815 0.1171875 0.11435185185185186 0.10052083333333334 0.08981481481481482 0.09322916666666667 0.07175925925925926 0.09114583333333333 0.020833333333333332 0.09244791666666667 0.022222222222222223 0.07447916666666667 0.015277777777777777 0.07109375 0.008333333333333333 0.071875 0 0.06692708333333333 0 0.028125 0.01898148148148148 0.021354166666666667 0.053703703703703705 0.01484375 0.08657407407407407 0.013541666666666667
0 0.6685185185185185 0.084375 0.6699074074074074 0.10598958333333333 0.6638888888888889 0.10703125 0.6092592592592593 0.10390625 0.6023148148148149 0.10286458333333333 0.600925925925926 0.10104166666666667 0.6046296296296296 0.09713541666666667 0.6319444444444444 0.08828125 0.6680555555555555 0.084375
0 0.9662037037037037 0.038411458333333336 0.06759259259259259 0.048177083333333336
0 0.4703703703703704 0.03854166666666667 0.48657407407407405 0.03984375 0.5226851851851851 0.04895833333333333 0.5435185185185185 0.059375 0.5546296296296296 0.06927083333333334 0.5625 0.08072916666666667 0.5662037037037037 0.09921875 0.5583333333333333 0.10130208333333333 0.5254629629629629 0.10104166666666667 0.42916666666666664 0.10520833333333333 0.41805555555555557 0.10833333333333334 0.4097222222222222 0.11354166666666667 0.4041666666666667 0.13541666666666666 0.3972222222222222 0.13854166666666667 0.38564814814814813 0.13489583333333333 0.35462962962962963 0.10234375 0.35462962962962963 0.09453125 0.36527777777777776 0.07057291666666667 0.37916666666666665 0.05807291666666667 0.4111111111111111 0.043229166666666666 0.42824074074074076 0.03958333333333333 0.4699074074074074 0.03854166666666667
0 0.1736111111111111 0 0.2101851851851852 0 0.18564814814814815 0.015104166666666667 0.17824074074074073 0.010677083333333334 0.1736111111111111 0.00026041666666666666
0 0.10138888888888889 0 0.16203703703703703 0 0.16018518518518518 0.0049479166666666664 0.1375 0.017447916666666667 0.12083333333333333 0.015364583333333333 0.11388888888888889 0.008072916666666667 0.09953703703703703 0.0049479166666666664 0.10138888888888889 0.00026041666666666666
0 0.5393518518518519 0 0.7087962962962963 0 0.7097222222222223 0.0036458333333333334 0.7069444444444445 0.0125 0.7 0.0171875 0.6504629629629629 0.0067708333333333336 0.6222222222222222 0.0067708333333333336 0.5976851851851852 0.010416666666666666 0.5782407407407407 0.01953125 0.5569444444444445 0.026041666666666668 0.5527777777777778 0.0234375 0.5393518518518519 0.00026041666666666666
0 0.8777777777777778 0.0359375 0.8976851851851851 0.039322916666666666 0.9189814814814815 0.04635416666666667 0.9412037037037037 0.06067708333333333 0.9416666666666667 0.06822916666666666 0.9333333333333333 0.08802083333333334 0.9319444444444445 0.10130208333333333 0.9143518518518519 0.10390625 0.9060185185185186 0.10208333333333333 0.9027777777777778 0.08046875 0.888425925925926 0.062239583333333334 0.8740740740740741 0.049479166666666664 0.8513888888888889 0.03984375 0.8523148148148149 0.0375 0.8587962962962963 0.036458333333333336 0.8773148148148148 0.0359375