0 0.5611111111111111 0 0.736574074074074 0 0.7398148148148148 0.00859375 0.7379629629629629 0.019010416666666665 0.7310185185185185 0.023697916666666666 0.6824074074074075 0.01484375 0.6541666666666667 0.0140625 0.6263888888888889 0.018229166666666668 0.586574074074074 0.0328125 0.5796296296296296 0.0296875 0.562037037037037 0.005208333333333333 0.5611111111111111 0.00026041666666666666
0 0.9259259259259259 0 0.9967592592592592 0 0.999537037037037 0.0026041666666666665 0.999537037037037 0.040364583333333336 0.9657407407407408 0.0578125 0.9425925925925925 0.046875 0.9388888888888889 0.025260416666666667 0.9259259259259259 0.00026041666666666666
0 0.8217592592592593 0.4140625 0.9365740740740741 0.41484375 0.9629629629629629 0.41692708333333334 0.9625 0.42864583333333334 0.9564814814814815 0.43255208333333334 0.9310185185185185 0.4390625 0.8893518518518518 0.44192708333333336 0.7726851851851851 0.43802083333333336 0.7694444444444445 0.4356770833333333 0.7703703703703704 0.42864583333333334 0.7814814814814814 0.41796875 0.7888888888888889 0.41484375 0.8212962962962963 0.4140625
0 0.2935185185185185 0.09010416666666667 0.32731481481481484 0.0953125 0.3560185185185185 0.10520833333333333 0.3699074074074074 0.11354166666666667 0.39490740740740743 0.13697916666666668 0.4023148148148148 0.15859375 0.37962962962962965 0.18567708333333333 0.3736111111111111 0.1875 0.3296296296296296 0.17395833333333333 0.3106481481481482 0.17057291666666666 0.29212962962962963 0.1703125 0.274537037037037 0.1703125 0.2361111111111111 0.17708333333333334 0.20925925925925926 0.1859375 0.19814814814814816 0.18541666666666667 0.17824074074074073 0.14036458333333332 0.19722222222222222 0.11953125 0.20185185185185187 0.10520833333333333 0.20972222222222223 0.10078125 0.23425925925925925 0.09791666666666667 0.2611111111111111 0.09166666666666666 0.29305555555555557 0.09010416666666667
0 0.44212962962962965 0.14739583333333334 0.4412037037037037 0.1890625 0.43287037037037035 0.19140625 0.4152777777777778 0.19244791666666666 0.3958333333333333 0.1921875 0.3888888888888889 0.19036458333333334 0.3912037037037037 0.17864583333333334 0.4041666666666667 0.16380208333333332 0.41759259259259257 0.1546875 0.42685185185185187 0.15 0.44166666666666665 0.14739583333333334
0 0.3611111111111111 0 0.5550925925925926 0 0.5685185185185185 0.015625 0.575462962962963 0.030208333333333334 0.5745370370370371 0.034375 0.5550925925925926 0.04401041666666667 0.55 0.05364583333333333 0.5467592592592593 0.054947916666666666 0.5115740740740741 0.047135416666666666 0.4791666666666667 0.04453125 0.44583333333333336 0.04765625 0.41574074074074074 0.05755208333333333 0.40324074074074073 0.05963541666666667 0.40046296296296297 0.058854166666666666 0.38287037037037036 0.03177083333333333 0.3611111111111111 0.012239583333333333 0.3611111111111111 0.00026041666666666666
0 0.18518518518518517 0.006510416666666667 0.19768518518518519 0.019010416666666665 0.17916666666666667 0.04296875 0.15601851851851853 0.029427083333333333 0.15231481481481482 0.02265625 0.15648148148148147 0.016666666666666666 0.17175925925925925 0.008333333333333333 0.18472222222222223 0.0067708333333333336
0 0.09537037037037037 0.0036458333333333334 0.12731481481481483 0.010677083333333334 0.13842592592592592 0.017708333333333333 0.14027777777777778 0.0234375 0.0875 0.017708333333333333 0.0375 0.02421875 0.001851851851851852 0.035416666666666666 0 0.015885416666666666 0.018055555555555554 0.0078125 0.053703703703703705 0.002864583333333333 0.09490740740740741 0.0036458333333333334
0 0.975 0.12994791666666666 0.9791666666666666 0.0953125 0.9879629629629629 0.08046875 0.999537037037037 0.07317708333333334 0.999537037037037 0.13333333333333333 0.9856481481481482 0.13385416666666666 0.975462962962963 0.13020833333333334
0 0.31712962962962965 0.17161458333333332 0.33240740740740743 0.175 0.3699074074074074 0.18802083333333333 0.3685185185185185 0.19192708333333333 0.34629629629629627 0.19270833333333334 0.2162037037037037 0.19192708333333333 0.20833333333333334 0.19010416666666666 0.2125 0.18645833333333334 0.23287037037037037 0.17838541666666666 0.2689814814814815 0.17135416666666667 0.31666666666666665 0.17161458333333332
0 0.9111111111111111 0.048177083333333336 0.9356481481481481 0.051041666666666666 0.9555555555555556 0.057291666666666664 0.9722222222222222 0.06588541666666667 0.9833333333333333 0.07760416666666667 0.9842592592592593 0.08567708333333333 0.9745370370370371 0.10859375 0.975 0.1265625 0.9671296296296297 0.1328125 0.9601851851851851 0.13385416666666666 0.9472222222222222 0.13307291666666668 0.9439814814814815 0.13098958333333333 0.9481481481481482 0.10703125 0.9402777777777778 0.08723958333333333 0.9152777777777777 0.06276041666666667 0.8875 0.05026041666666667 0.899537037037037 0.04791666666666667 0.9106481481481481 0.048177083333333336
0 0.07268518518518519 0.10260416666666666 0.09907407407407408 0.10390625 0.11574074074074074 0.10729166666666666 0.14722222222222223 0.12265625 0.16111111111111112 0.13203125 0.17592592592592593 0.146875 0.18981481481481483 0.17395833333333333 0.18981481481481483 0.18802083333333333 0.18518518518518517 0.19088541666666667 0.08703703703703704 0.19244791666666666 0 0.190625 0 0.10807291666666667 0.03194444444444444 0.103125 0.07222222222222222 0.10260416666666666
0 0.18703703703703703 0 0.2449074074074074 0 0.2449074074074074 0.0015625 0.23564814814814813 0.0026041666666666665 0.22361111111111112 0.00703125 0.19953703703703704 0.01953125 0.1884259259259259 0.00703125 0.18703703703703703 0.00026041666666666666
0 0.10231481481481482 0 0.17083333333333334 0 0.16805555555555557 0.008333333333333333 0.1439814814814815 0.022135416666666668 0.1425925925925926 0.018229166666666668 0.12731481481481483 0.009375 0.10740740740740741 0.00546875 0.10231481481481482 0.00026041666666666666
0 0.09027777777777778 0.01796875 0.12083333333333333 0.02109375 0.14953703703703702 0.028645833333333332 0.18611111111111112 0.051041666666666666 0.2074074074074074 0.06067708333333333 0.2074074074074074 0.09557291666666666 0.19722222222222222 0.10520833333333333 0.1925925925925926 0.115625 0.18518518518518517 0.12317708333333334 0.16898148148148148 0.13098958333333333 0.16157407407407406 0.12994791666666666 0.12175925925925926 0.10807291666666667 0.10648148148148148 0.10364583333333334 0.07037037037037037 0.10104166666666667 0.03287037037037037 0.10104166666666667 0.030555555555555555 0.08151041666666667 0.02361111111111111 0.07916666666666666 0.018518518518518517 0.07864583333333333 0.016203703703703703 0.08125 0.013888888888888888 0.10234375 0 0.10338541666666666 0 0.08515625 0.003703703703703704 0.0875 0.010185185185185186 0.08515625 0.008796296296296297 0.08046875 0.005092592592592593 0.07942708333333333 0 0.08098958333333334 0 0.037760416666666664 0.0375 0.024739583333333332 0.08981481481481482 0.01796875
0 0.8236111111111111 0.04375 0.8587962962962963 0.04609375 0.8796296296296297 0.049479166666666664 0.9148148148148149 0.06328125 0.9398148148148148 0.0875 0.9462962962962963 0.10234375 0.9472222222222222 0.1140625 0.937962962962963 0.13385416666666666 0.8662037037037037 0.13541666666666666 0.812962962962963 0.14036458333333332 0.7652777777777777 0.13984375 0.7111111111111111 0.13359375 0.7060185185185185 0.13020833333333334 0.7032407407407407 0.1078125 0.7060185185185185 0.09739583333333333 0.7125 0.08828125 0.7421296296296296 0.06354166666666666 0.7578703703703704 0.05625 0.7796296296296297 0.049479166666666664 0.7962962962962963 0.04609375 0.8231481481481482 0.04375
0 0.6657407407407407 0.014583333333333334 0.6962962962962963 0.018229166666666668 0.7319444444444444 0.028125 0.7583333333333333 0.043229166666666666 0.763425925925926 0.050520833333333334 0.7333333333333333 0.0671875 0.7027777777777777 0.09479166666666666 0.6509259259259259 0.10052083333333334 0.6092592592592593 0.11666666666666667 0.6055555555555555 0.11588541666666667 0.5986111111111111 0.10729166666666666 0.5893518518518519 0.08541666666666667 0.5587962962962963 0.05755208333333333 0.5578703703703703 0.046875 0.5671296296296297 0.04140625 0.5930555555555556 0.034375 0.6194444444444445 0.02109375 0.6453703703703704 0.015625 0.6652777777777777 0.014583333333333334
0 0.2490740740740741 0 0.324537037037037 0 0.325 0.0018229166666666667 0.3449074074074074 0.007291666666666667 0.3699074074074074 0.021354166666666667 0.38425925925925924 0.03567708333333333 0.3958333333333333 0.059375 0.39444444444444443 0.0671875 0.3819444444444444 0.08098958333333334 0.3731481481481482 0.09765625 0.36574074074074076 0.10364583333333334 0.3106481481481482 0.09088541666666666 0.29398148148148145 0.08880208333333334 0.2726851851851852 0.08932291666666667 0.2324074074074074 0.09609375 0.21342592592592594 0.09609375 0.2101851851851852 0.08072916666666667 0.21435185185185185 0.0625 0.20879629629629629 0.057291666666666664 0.18564814814814815 0.048177083333333336 0.1837962962962963 0.04140625 0.19583333333333333 0.025520833333333333 0.2050925925925926 0.018229166666666668 0.22407407407407406 0.007291666666666667 0.23842592592592593 0.0026041666666666665 0.24861111111111112 0.0018229166666666667 0.2490740740740741 0.00026041666666666666
0 0.9842592592592593 0.07916666666666666 0.9685185185185186 0.06432291666666666 0.9689814814814814 0.0609375 0.9828703703703704 0.04973958333333333 0.9981481481481481 0.0421875 0.999537037037037 0.07265625 0.9875 0.08020833333333334 0.9847222222222223 0.07916666666666666
0 0.49398148148148147 0.046614583333333334 0.5166666666666667 0.04895833333333333 0.5333333333333333 0.053385416666666664 0.5518518518518518 0.05911458333333333 0.5712962962962963 0.06953125 0.5856481481481481 0.08463541666666667 0.5921296296296297 0.09791666666666667 0.5944444444444444 0.11223958333333334 0.5925925925925926 0.12447916666666667 0.5847222222222223 0.12760416666666666 0.4699074074074074 0.13072916666666667 0.4537037037037037 0.13541666666666666 0.4412037037037037 0.14505208333333333 0.41944444444444445 0.14973958333333334 0.4111111111111111 0.14895833333333333 0.4046296296296296 0.1453125 0.3990740740740741 0.13619791666666667 0.375 0.11302083333333333 0.37546296296296294 0.10208333333333333 0.3861111111111111 0.07994791666666666 0.40324074074074073 0.06484375 0.4393518518518518 0.05 0.4685185185185185 0.04635416666666667 0.4935185185185185 0.046614583333333334
0 0.7277777777777777 0.41354166666666664 0.7620370370370371 0.4158854166666667 0.7657407407407407 0.41484375 0.7694444444444445 0.41640625 0.7708333333333334 0.42161458333333335 0.7583333333333333 0.4356770833333333 0.7449074074074075 0.4390625 0.6925925925925925 0.44036458333333334 0.5847222222222223 0.4401041666666667 0.5777777777777777 0.43723958333333335 0.5601851851851852 0.421875 0.5597222222222222 0.4161458333333333 0.5712962962962963 0.41458333333333336 0.7273148148148149 0.41354166666666664
0 0.7615740740740741 0 0.9236111111111112 0 0.9375 0.027864583333333335 0.937037037037037 0.04010416666666667 0.9310185185185185 0.048177083333333336 0.8986111111111111 0.04583333333333333 0.8675925925925926 0.04609375 0.8208333333333333 0.04244791666666667 0.7685185185185185 0.04869791666666667 0.7412037037037037 0.030208333333333334 0.7388888888888889 0.0265625 0.7435185185185185 0.015885416666666666 0.7615740740740741 0.00026041666666666666
0 0.700462962962963 0.09713541666666667 0.7037037037037037 0.09895833333333333 0.7037037037037037 0.13151041666666666 0.7023148148148148 0.13333333333333333 0.6958333333333333 0.13411458333333334 0.6125 0.12942708333333333 0.6069444444444444 0.12630208333333334 0.6180555555555556 0.11614583333333334 0.649074074074074 0.10208333333333333 0.6675925925925926 0.09817708333333333 0.7 0.09713541666666667