0 0.8430555555555556 0 0.9958333333333333 0 0.999537037037037 0.004427083333333333 0.999537037037037 0.0296875 0.9925925925925926 0.04140625 0.9847222222222223 0.04375 0.9458333333333333 0.0453125 0.9333333333333333 0.04869791666666667 0.9050925925925926 0.059895833333333336 0.8847222222222222 0.0734375 0.8763888888888889 0.07630208333333334 0.8569444444444444 0.06484375 0.8467592592592592 0.04244791666666667 0.8333333333333334 0.025 0.8333333333333334 0.019010416666666665 0.8430555555555556 0.00026041666666666666
0 0.47453703703703703 0.07734375 0.5189814814814815 0.08385416666666666 0.5435185185185185 0.09479166666666666 0.5578703703703703 0.109375 0.5611111111111111 0.1265625 0.5453703703703704 0.12942708333333333 0.4773148148148148 0.13307291666666668 0.46296296296296297 0.13958333333333334 0.4564814814814815 0.1515625 0.4361111111111111 0.15963541666666667 0.4185185185185185 0.16354166666666667 0.4111111111111111 0.1625 0.3819444444444444 0.13333333333333333 0.3800925925925926 0.1265625 0.38657407407407407 0.10807291666666667 0.39861111111111114 0.0953125 0.41805555555555557 0.08489583333333334 0.4351851851851852 0.08020833333333334 0.4740740740740741 0.07734375
0 0.4597222222222222 0.15182291666666667 0.4583333333333333 0.17838541666666666 0.42083333333333334 0.18046875 0.4060185185185185 0.17942708333333332 0.4125 0.17161458333333332 0.43194444444444446 0.1609375 0.45925925925925926 0.15182291666666667
0 0.6509259259259259 0 0.8092592592592592 0 0.8097222222222222 0.0026041666666666665 0.8041666666666667 0.014583333333333334 0.7754629629629629 0.0125 0.7458333333333333 0.0140625 0.7231481481481481 0.02109375 0.6888888888888889 0.03723958333333333 0.6509259259259259 0.005208333333333333 0.6509259259259259 0.00026041666666666666
0 0.6305555555555555 0.04869791666666667 0.6476851851851851 0.050520833333333334 0.675 0.057291666666666664 0.6972222222222222 0.07109375 0.6986111111111111 0.07473958333333333 0.6773148148148148 0.08697916666666666 0.6574074074074074 0.10885416666666667 0.6504629629629629 0.11328125 0.6087962962962963 0.11848958333333333 0.5879629629629629 0.12682291666666667 0.5694444444444444 0.12421875 0.5509259259259259 0.09817708333333333 0.5300925925925926 0.08489583333333334 0.5291666666666667 0.07786458333333333 0.5375 0.07083333333333333 0.5541666666666667 0.06640625 0.5837962962962963 0.05234375 0.6092592592592593 0.0484375 0.6300925925925925 0.04869791666666667
0 0.45787037037037037 0.018489583333333334 0.49166666666666664 0.024479166666666666 0.5166666666666667 0.03463541666666667 0.5375 0.05234375 0.5416666666666666 0.06067708333333333 0.5402777777777777 0.065625 0.5277777777777778 0.07291666666666667 0.5189814814814815 0.08255208333333333 0.48657407407407405 0.07734375 0.4587962962962963 0.0765625 0.43148148148148147 0.0796875 0.4013888888888889 0.08880208333333334 0.3611111111111111 0.04739583333333333 0.36342592592592593 0.03984375 0.37824074074074077 0.029427083333333333 0.4050925925925926 0.021354166666666667 0.4351851851851852 0.018229166666666668 0.45740740740740743 0.018489583333333334
0 0.7555555555555555 0.06796875 0.7981481481481482 0.07369791666666667 0.8282407407407407 0.08489583333333334 0.8495370370370371 0.10598958333333333 0.8527777777777777 0.11536458333333334 0.8518518518518519 0.12552083333333333 0.8393518518518519 0.12786458333333334 0.7689814814814815 0.12994791666666666 0.736574074074074 0.13359375 0.7055555555555556 0.13411458333333334 0.6578703703703703 0.13125 0.6541666666666667 0.12109375 0.6560185185185186 0.11276041666666667 0.6837962962962963 0.084375 0.7023148148148148 0.0765625 0.7236111111111111 0.07083333333333333 0.7550925925925925 0.06796875
0 0.8606481481481482 0.35546875 0.8828703703703704 0.35625 0.8921296296296296 0.35859375 0.8953703703703704 0.36276041666666664 0.8921296296296296 0.37005208333333334 0.8870370370370371 0.3736979166666667 0.8662037037037037 0.3807291666666667 0.8282407407407407 0.38619791666666664 0.7305555555555555 0.384375 0.7291666666666666 0.37994791666666666 0.7361111111111112 0.37083333333333335 0.7393518518518518 0.359375 0.7574074074074074 0.3567708333333333 0.8601851851851852 0.35546875
0 0.7768518518518519 0.01328125 0.8069444444444445 0.01796875 0.8277777777777777 0.025520833333333333 0.8430555555555556 0.0421875 0.8495370370370371 0.05364583333333333 0.8495370370370371 0.06432291666666666 0.8458333333333333 0.07057291666666667 0.8171296296296297 0.06927083333333334 0.7962962962962963 0.071875 0.7481481481481481 0.06666666666666667 0.7078703703703704 0.07265625 0.6851851851851852 0.061197916666666664 0.6814814814814815 0.05703125 0.6888888888888889 0.042708333333333334 0.7097222222222223 0.028125 0.7333333333333333 0.01796875 0.750462962962963 0.0140625 0.7763888888888889 0.01328125
0 0.3768518518518518 0 0.5291666666666667 0 0.5319444444444444 0.008072916666666667 0.5305555555555556 0.015364583333333333 0.5152777777777777 0.029947916666666668 0.48194444444444445 0.021875 0.45694444444444443 0.018229166666666668 0.4115740740740741 0.01953125 0.38981481481481484 0.023958333333333335 0.38287037037037036 0.020833333333333332 0.37824074074074077 0.015364583333333333 0.375 0.00859375 0.3768518518518518 0.00026041666666666666
0 0.02060185185185185 0.15299479166666666 0.03287037037037037 0.06015625
0 0.06805555555555555 0.0020833333333333333 0.0837962962962963 0.023177083333333334 0.11527777777777778 0.04244791666666667 0.11805555555555555 0.04635416666666667 0.0912037037037037 0.04895833333333333 0.06851851851851852 0.05390625 0.05740740740740741 0.05026041666666667 0.049074074074074076 0.03359375 0.05277777777777778 0.016145833333333335 0.058333333333333334 0.008072916666666667 0.06759259259259259 0.0020833333333333333
0 0.9935185185185185 0.052083333333333336 0.999537037037037 0.05260416666666667 0.999537037037037 0.125 0.9671296296296297 0.12708333333333333 0.8861111111111111 0.1265625 0.8800925925925925 0.12317708333333334 0.8824074074074074 0.1046875 0.8912037037037037 0.08828125 0.9254629629629629 0.06588541666666667 0.9527777777777777 0.05625 0.9930555555555556 0.052083333333333336
0 0.31527777777777777 0.11588541666666667 0.3523148148148148 0.121875 0.3768518518518518 0.13333333333333333 0.39814814814814814 0.15130208333333334 0.40555555555555556 0.16484375 0.4060185185185185 0.17161458333333332 0.40046296296296297 0.178125 0.39166666666666666 0.18072916666666666 0.29398148148148145 0.1828125 0.23796296296296296 0.18229166666666666 0.22546296296296298 0.1625 0.22453703703703703 0.15520833333333334 0.2361111111111111 0.13984375 0.23796296296296296 0.13020833333333334 0.24305555555555555 0.12604166666666666 0.2824074074074074 0.11822916666666666 0.3148148148148148 0.11588541666666667
0 0.15648148148148147 0.12890625 0.17824074074074073 0.13255208333333332 0.20277777777777778 0.14479166666666668 0.22777777777777777 0.16901041666666666 0.2324074074074074 0.17786458333333333 0.2310185185185185 0.18307291666666667 0.052314814814814814 0.18723958333333332 0.03287037037037037 0.18645833333333334 0.031018518518518518 0.17682291666666666 0.03981481481481482 0.15807291666666667 0.062037037037037036 0.14036458333333332 0.07222222222222222 0.13619791666666667 0.09490740740740741 0.13177083333333334 0.13703703703703704 0.12786458333333334 0.15601851851851853 0.12890625
0 0.2337962962962963 0 0.3490740740740741 0 0.3699074074074074 0.012239583333333333 0.38055555555555554 0.025260416666666667 0.35185185185185186 0.045572916666666664 0.30972222222222223 0.040364583333333336 0.2875 0.040625 0.25046296296296294 0.04791666666666667 0.2273148148148148 0.06067708333333333 0.22361111111111112 0.06067708333333333 0.21203703703703702 0.04635416666666667 0.21064814814814814 0.028385416666666666 0.21666666666666667 0.015625 0.2337962962962963 0.00026041666666666666
0 0.07222222222222222 0 0.22546296296296298 0 0.22453703703703703 0.005208333333333333 0.2152777777777778 0.013541666666666667 0.20601851851851852 0.030989583333333334 0.19675925925925927 0.04010416666666667 0.18703703703703703 0.044270833333333336 0.1587962962962963 0.04973958333333333 0.1175925925925926 0.04401041666666667 0.08518518518518518 0.0234375 0.07407407407407407 0.01015625 0.07222222222222222 0.00026041666666666666
0 0.20439814814814813 0.06419270833333333 0.038425925925925926 0.029947916666666668
0 0.1175925925925926 0.04791666666666667 0.1361111111111111 0.049479166666666664 0.1574074074074074 0.05416666666666667 0.16296296296296298 0.05703125 0.16203703703703703 0.06067708333333333 0.12314814814814815 0.06145833333333333 0.09814814814814815 0.06614583333333333 0.07175925925925926 0.07578125 0.03981481481481482 0.09583333333333334 0.03935185185185185 0.07890625 0.05462962962962963 0.06067708333333333 0.06712962962962964 0.0546875 0.08518518518518518 0.05026041666666667 0.11712962962962963 0.04791666666666667
0 0.14953703703703702 0.061197916666666664 0.16527777777777777 0.06197916666666667 0.18703703703703703 0.06692708333333333 0.2375 0.09401041666666667 0.23981481481481481 0.11953125 0.2273148148148148 0.13828125 0.21481481481481482 0.1453125 0.20925925925925926 0.14583333333333334 0.18518518518518517 0.13463541666666667 0.1648148148148148 0.12864583333333332 0.14444444444444443 0.12708333333333333 0.11388888888888889 0.12864583333333332 0.07083333333333333 0.13489583333333333 0.056018518518518516 0.14244791666666667 0.03981481481481482 0.15442708333333333 0.03287037037037037 0.14947916666666666 0.029166666666666667 0.14088541666666668 0.027777777777777776 0.11901041666666666 0.03194444444444444 0.10911458333333333 0.049074074074074076 0.09036458333333333 0.07175925925925926 0.07630208333333334 0.08611111111111111 0.0703125 0.11898148148148148 0.0625 0.14907407407407408 0.061197916666666664
0 0.9916666666666667 0.044270833333333336 0.999537037037037 0.0453125 0.999537037037037 0.05234375 0.9800925925925926 0.0515625 0.9537037037037037 0.05546875 0.9407407407407408 0.05963541666666667 0.9152777777777777 0.07057291666666667 0.8870370370370371 0.09010416666666667 0.8791666666666667 0.08489583333333334 0.8800925925925925 0.078125 0.8930555555555556 0.0671875 0.9125 0.05677083333333333 0.9449074074074074 0.04583333333333333 0.9912037037037037 0.044270833333333336
0 0.5648148148148148 0 0.6305555555555555 0 0.6310185185185185 0.0018229166666666667 0.6407407407407407 0.0033854166666666668 0.6550925925925926 0.0109375 0.6699074074074074 0.022395833333333334 0.6800925925925926 0.0390625 0.6796296296296296 0.047135416666666666 0.6717592592592593 0.05390625 0.638425925925926 0.04869791666666667 0.6097222222222223 0.048177083333333336 0.5847222222222223 0.05182291666666667 0.5606481481481481 0.061197916666666664 0.5504629629629629 0.0625 0.524537037037037 0.0375 0.5236111111111111 0.03203125 0.5287037037037037 0.022395833333333334 0.5398148148148149 0.011197916666666667 0.5550925925925926 0.005989583333333334 0.5648148148148148 0.00026041666666666666
0 0.6532407407407408 0.359375 0.6694444444444444 0.3619791666666667 0.6773148148148148 0.36822916666666666 0.6865740740740741 0.37864583333333335 0.687962962962963 0.38385416666666666 0.6851851851851852 0.3859375 0.6685185185185185 0.3880208333333333 0.5861111111111111 0.39010416666666664 0.5689814814814815 0.3888020833333333 0.5611111111111111 0.3846354166666667 0.5476851851851852 0.37265625 0.5449074074074074 0.3671875 0.5467592592592593 0.36276041666666664 0.6527777777777778 0.359375
0 0.6518518518518519 0.11354166666666667 0.6550925925925926 0.12916666666666668 0.6518518518518519 0.13151041666666666 0.6013888888888889 0.12994791666666666 0.5935185185185186 0.1265625 0.6092592592592593 0.11927083333333334 0.6513888888888889 0.11354166666666667
0 0.3101851851851852 0.04114583333333333 0.3277777777777778 0.042708333333333334 0.3541666666666667 0.049479166666666664 0.37083333333333335 0.058854166666666666 0.38796296296296295 0.0765625 0.39305555555555555 0.0953125 0.37592592592592594 0.11927083333333334 0.3662037037037037 0.12369791666666667 0.3175925925925926 0.11484375 0.2824074074074074 0.11744791666666667 0.2518518518518518 0.12265625 0.2439814814814815 0.12057291666666667 0.24305555555555555 0.09557291666666666 0.23333333333333334 0.08802083333333334 0.21898148148148147 0.0828125 0.21712962962962962 0.07942708333333333 0.22361111111111112 0.06588541666666667 0.24814814814814815 0.049479166666666664 0.2828703703703704 0.04192708333333333 0.30972222222222223 0.04114583333333333
0 0.8291666666666667 0.07005208333333333 0.8657407407407407 0.07760416666666667 0.8842592592592593 0.08880208333333334 0.8773148148148148 0.12369791666666667 0.8643518518518518 0.12682291666666667 0.8550925925925926 0.12526041666666668 0.85 0.10520833333333333 0.8324074074074074 0.08723958333333333 0.8041666666666667 0.07447916666666667 0.8101851851851852 0.07083333333333333 0.8287037037037037 0.07005208333333333