0 0.19768518518518519 0.07265625 0.2 0.07578125 0.18101851851851852 0.10729166666666666 0.18194444444444444 0.14817708333333332 0.19398148148148148 0.17057291666666666 0.21481481481481482 0.18489583333333334 0.2152777777777778 0.1890625 0.20601851851851852 0.19609375 0.17546296296296296 0.20234375 0.1675925925925926 0.20234375 0.1550925925925926 0.19895833333333332 0.13657407407407407 0.1875 0.12129629629629629 0.17317708333333334 0.11203703703703703 0.15390625 0.11203703703703703 0.12916666666666668 0.11990740740740741 0.11276041666666667 0.15 0.08671875 0.17916666666666667 0.07447916666666667 0.19722222222222222 0.07265625
0 0.4648148148148148 0 0.5342592592592592 0 0.4912037037037037 0.027083333333333334 0.48009259259259257 0.02265625 0.46435185185185185 0.0049479166666666664 0.4648148148148148 0.00026041666666666666
0 0.9458333333333333 0 0.999537037037037 0 0.999537037037037 0.05572916666666667 0.9884259259259259 0.05677083333333333 0.9819444444444444 0.05625 0.9773148148148149 0.05234375 0.9685185185185186 0.02890625 0.9458333333333333 0.00026041666666666666
0 0.9824074074074074 0.3203125 0.999537037037037 0.3216145833333333 0.999537037037037 0.4317708333333333 0.9958333333333333 0.4322916666666667 0.8356481481481481 0.42734375 0.8212962962962963 0.425 0.8138888888888889 0.4192708333333333 0.8199074074074074 0.39557291666666666 0.8305555555555556 0.3768229166666667 0.8444444444444444 0.3619791666666667 0.8648148148148148 0.34791666666666665 0.8967592592592593 0.3341145833333333 0.9333333333333333 0.32421875 0.9819444444444444 0.3203125
0 0.1787037037037037 0 0.3675925925925926 0 0.37037037037037035 0.00390625 0.362962962962963 0.008333333333333333 0.33194444444444443 0.013802083333333333 0.2763888888888889 0.028385416666666666 0.25601851851851853 0.03723958333333333 0.20601851851851852 0.06744791666666666 0.17685185185185184 0.06901041666666667 0.1648148148148148 0.06432291666666666 0.16111111111111112 0.05963541666666667 0.1597222222222222 0.038802083333333334 0.1648148148148148 0.019270833333333334 0.1787037037037037 0.00026041666666666666
0 0.39351851851851855 0.13802083333333334 0.42453703703703705 0.13932291666666666 0.45694444444444443 0.146875 0.4837962962962963 0.15677083333333333 0.5125 0.17369791666666667 0.5259259259259259 0.18619791666666666 0.5435185185185185 0.20989583333333334 0.5504629629629629 0.22682291666666668 0.5532407407407407 0.25338541666666664 0.549537037037037 0.27265625 0.5365740740740741 0.29348958333333336 0.5092592592592593 0.31927083333333334 0.49444444444444446 0.32916666666666666 0.4699074074074074 0.33880208333333334 0.44305555555555554 0.3458333333333333 0.4078703703703704 0.35130208333333335 0.3768518518518518 0.35234375 0.3421296296296296 0.3497395833333333 0.2898148148148148 0.3390625 0.2449074074074074 0.32057291666666665 0.2263888888888889 0.30026041666666664 0.2125 0.27578125 0.2064814814814815 0.25338541666666664 0.20601851851851852 0.23177083333333334 0.21157407407407408 0.19973958333333333 0.23472222222222222 0.17890625 0.25833333333333336 0.16380208333333332 0.2861111111111111 0.15104166666666666 0.30787037037037035 0.14401041666666667 0.33287037037037037 0.14088541666666668 0.34629629629629627 0.14192708333333334 0.3592592592592593 0.13958333333333334 0.39305555555555555 0.13802083333333334
0 0.9587962962962963 0.20104166666666667 0.999537037037037 0.20520833333333333 0.999537037037037 0.31979166666666664 0.9703703703703703 0.3184895833333333 0.937037037037037 0.3216145833333333 0.8935185185185185 0.3333333333333333 0.8800925925925925 0.3390625 0.8638888888888889 0.3421875 0.8555555555555555 0.34036458333333336 0.8486111111111111 0.3333333333333333 0.8375 0.30963541666666666 0.8222222222222222 0.28984375 0.7814814814814814 0.26197916666666665 0.7847222222222222 0.2515625 0.7986111111111112 0.23776041666666667 0.8231481481481482 0.22395833333333334 0.8643518518518518 0.21015625 0.9055555555555556 0.20286458333333332 0.9583333333333334 0.20104166666666667
0 0.7074074074074074 0 0.9421296296296297 0 0.9648148148148148 0.027864583333333335 0.9703703703703703 0.04348958333333333 0.9671296296296297 0.0578125 0.9449074074074074 0.07317708333333334 0.9087962962962963 0.07135416666666666 0.8550925925925926 0.07213541666666666 0.8268518518518518 0.07630208333333334 0.7949074074074074 0.08697916666666666 0.7722222222222223 0.09088541666666666 0.7620370370370371 0.08151041666666667 0.7597222222222222 0.06067708333333333 0.749537037037037 0.03984375 0.7310185185185185 0.019010416666666665 0.7092592592592593 0.005729166666666666 0.7074074074074074 0.00026041666666666666
0 0.49722222222222223 0.3338541666666667 0.4888888888888889 0.3658854166666667 0.4962962962962963 0.3984375 0.5115740740740741 0.41484375 0.5115740740740741 0.41822916666666665 0.49675925925925923 0.41953125 0.4449074074074074 0.41848958333333336 0.42916666666666664 0.41484375 0.4027777777777778 0.359375 0.4046296296296296 0.35572916666666665 0.4097222222222222 0.35390625 0.4476851851851852 0.346875 0.48842592592592593 0.3346354166666667 0.49675925925925923 0.3338541666666667
0 0.2388888888888889 0.32473958333333336 0.29074074074074074 0.34296875 0.3449074074074074 0.3536458333333333 0.38287037037037036 0.3580729166666667 0.39814814814814814 0.36770833333333336 0.4152777777777778 0.390625 0.4203703703703704 0.41041666666666665 0.4185185185185185 0.41458333333333336 0.3976851851851852 0.4171875 0.3384259259259259 0.4161458333333333 0.31666666666666665 0.41770833333333335 0.24212962962962964 0.4127604166666667 0.12916666666666668 0.41015625 0.10740740740740741 0.4078125 0.10324074074074074 0.4044270833333333 0.1050925925925926 0.39401041666666664 0.11666666666666667 0.37265625 0.13240740740740742 0.35520833333333335 0.14537037037037037 0.3453125 0.17962962962962964 0.33151041666666664 0.23842592592592593 0.32473958333333336
0 0.2037037037037037 0.20208333333333334 0.2064814814814815 0.20364583333333333 0.2023148148148148 0.24661458333333333 0.20601851851851852 0.2674479166666667 0.21574074074074073 0.28958333333333336 0.22268518518518518 0.30104166666666665 0.23287037037037037 0.3104166666666667 0.23564814814814813 0.3177083333333333 0.2273148148148148 0.321875 0.16203703703703703 0.33177083333333335 0.15138888888888888 0.3294270833333333 0.14027777777777778 0.3229166666666667 0.11712962962962963 0.2989583333333333 0.10972222222222222 0.27760416666666665 0.1125 0.2484375 0.12268518518518519 0.23255208333333333 0.1449074074074074 0.21979166666666666 0.17037037037037037 0.20885416666666667 0.1925925925925926 0.20260416666666667 0.20324074074074075 0.20208333333333334
0 0.3888888888888889 0.010677083333333334 0.42314814814814816 0.013541666666666667 0.45416666666666666 0.020572916666666666 0.4759259259259259 0.02890625 0.487962962962963 0.034895833333333334 0.5115740740740741 0.05546875 0.5337962962962963 0.07083333333333333 0.5393518518518519 0.08307291666666666 0.5398148148148149 0.10130208333333333 0.5361111111111111 0.12578125 0.5291666666666667 0.13671875 0.49722222222222223 0.15572916666666667 0.49074074074074076 0.15677083333333333 0.4393518518518518 0.13932291666666666 0.3875 0.13567708333333334 0.3449074074074074 0.1375 0.33101851851851855 0.13098958333333333 0.32222222222222224 0.13697916666666668 0.30694444444444446 0.14296875 0.275 0.15182291666666667 0.22407407407407406 0.17864583333333334 0.21064814814814814 0.17734375 0.19953703703703704 0.171875 0.18472222222222223 0.14765625 0.18333333333333332 0.11223958333333334 0.18564814814814815 0.10234375 0.21388888888888888 0.0671875 0.24351851851851852 0.047135416666666666 0.2810185185185185 0.029427083333333333 0.3351851851851852 0.015364583333333333 0.36527777777777776 0.011197916666666667 0.38842592592592595 0.010677083333333334
0 0.9777777777777777 0.07799479166666666 0.044444444444444446 0.038802083333333334
0 0.6611111111111111 0.25078125 0.7189814814814814 0.2518229166666667 0.7472222222222222 0.25546875 0.7722222222222223 0.2638020833333333 0.8143518518518519 0.28671875 0.8388888888888889 0.32135416666666666 0.8421296296296297 0.34088541666666666 0.8375 0.35572916666666665 0.8203703703703704 0.3765625 0.8037037037037037 0.39088541666666665 0.7712962962962963 0.41067708333333336 0.7518518518518519 0.4192708333333333 0.7166666666666667 0.4234375 0.5972222222222222 0.42109375 0.5259259259259259 0.41770833333333335 0.5175925925925926 0.4158854166666667 0.5125 0.4125 0.4981481481481482 0.39765625 0.4912037037037037 0.36354166666666665 0.49444444444444446 0.3497395833333333 0.5120370370370371 0.32395833333333335 0.5532407407407407 0.28567708333333336 0.5768518518518518 0.271875 0.6018518518518519 0.26171875 0.6481481481481481 0.2513020833333333 0.6606481481481481 0.25078125
0 0.5370370370370371 0 0.6898148148148148 0 0.6902777777777778 0.0018229166666666667 0.6986111111111111 0.00390625 0.7148148148148148 0.012239583333333333 0.7314814814814815 0.023958333333333335 0.7486111111111111 0.04479166666666667 0.7564814814814815 0.07395833333333333 0.7513888888888889 0.10026041666666667 0.7375 0.11588541666666667 0.7226851851851852 0.12447916666666667 0.7083333333333334 0.12708333333333333 0.6472222222222223 0.12083333333333333 0.6064814814814815 0.12395833333333334 0.5606481481481481 0.13072916666666667 0.5476851851851852 0.13072916666666667 0.5421296296296296 0.121875 0.5416666666666666 0.07395833333333333 0.49398148148148147 0.03619791666666667 0.4949074074074074 0.029427083333333333 0.5023148148148148 0.021614583333333333 0.5370370370370371 0.00026041666666666666
0 0.6523148148148148 0.12265625 0.6847222222222222 0.1265625 0.7111111111111111 0.1328125 0.7337962962962963 0.1421875 0.7662037037037037 0.16380208333333332 0.7837962962962963 0.18359375 0.7907407407407407 0.1984375 0.7925925925925926 0.21354166666666666 0.7870370370370371 0.23046875 0.7726851851851851 0.24869791666666666 0.7648148148148148 0.25338541666666664 0.7513888888888889 0.25442708333333336 0.7305555555555555 0.25026041666666665 0.7055555555555556 0.24869791666666666 0.6504629629629629 0.24921875 0.6106481481481482 0.25703125 0.5699074074074074 0.26901041666666664 0.5638888888888889 0.26875 0.5601851851851852 0.26510416666666664 0.5555555555555556 0.23515625 0.5481481481481482 0.2125 0.5166666666666667 0.17161458333333332 0.5166666666666667 0.16770833333333332 0.5282407407407408 0.15442708333333333 0.5518518518518518 0.13671875 0.600925925925926 0.1265625 0.6518518518518519 0.12265625
0 0.9009259259259259 0.07317708333333334 0.9226851851851852 0.07395833333333333 0.9453703703703704 0.07734375 0.975 0.08697916666666666 0.999537037037037 0.10026041666666667 0.999537037037037 0.19635416666666666 0.9856481481481482 0.2 0.9425925925925925 0.1984375 0.8949074074074074 0.20208333333333334 0.8694444444444445 0.20677083333333332 0.8277777777777777 0.21796875 0.8148148148148148 0.21901041666666668 0.8083333333333333 0.215625 0.8 0.20598958333333334 0.7875 0.18177083333333333 0.7777777777777778 0.17057291666666666 0.7421296296296296 0.14036458333333332 0.7416666666666667 0.13020833333333334 0.7523148148148148 0.115625 0.7652777777777777 0.10442708333333334 0.7861111111111111 0.09244791666666667 0.8305555555555556 0.07708333333333334 0.8652777777777778 0.0734375 0.9004629629629629 0.0734375