0 0.8777777777777778 0 0.999537037037037 0 0.999537037037037 0.03515625 0.9796296296296296 0.0390625 0.9601851851851851 0.046614583333333334 0.9462962962962963 0.05260416666666667 0.9282407407407407 0.06536458333333334 0.9189814814814815 0.06927083333333334 0.9004629629629629 0.058854166666666666 0.8976851851851851 0.06041666666666667 0.8921296296296296 0.04296875 0.8717592592592592 0.016145833333333335 0.8777777777777778 0.00026041666666666666
0 0.5328703703703703 0.14036458333333332 0.5351851851851852 0.14322916666666666 0.5328703703703703 0.16458333333333333 0.4773148148148148 0.16744791666666667 0.45694444444444443 0.16640625 0.45694444444444443 0.1640625 0.4685185185185185 0.15755208333333334 0.49583333333333335 0.14661458333333333 0.5324074074074074 0.14036458333333332
0 0.08703703703703704 0 0.1 0 0.1111111111111111 0.016145833333333335 0.14722222222222223 0.03984375 0.1388888888888889 0.043229166666666666 0.09537037037037037 0.05026041666666667 0.08796296296296297 0.04869791666666667 0.08101851851851852 0.040625 0.07546296296296297 0.027604166666666666 0.07731481481481481 0.014322916666666666 0.08703703703703704 0.00026041666666666666
0 0.40925925925925927 0 0.5648148148148148 0 0.5662037037037037 0.004166666666666667 0.5638888888888889 0.011458333333333333 0.5532407407407407 0.019010416666666665 0.5467592592592593 0.020572916666666666 0.5064814814814815 0.013541666666666667 0.48564814814814816 0.011979166666666667 0.4513888888888889 0.013020833333333334 0.42314814814814816 0.017708333333333333 0.4101851851851852 0.0078125 0.40925925925925927 0.00026041666666666666
0 0.6976851851851852 0 0.8439814814814814 0 0.8425925925925926 0.005208333333333333 0.8384259259259259 0.00703125 0.8277777777777777 0.007291666666666667 0.8027777777777778 0.003125 0.7726851851851851 0.010416666666666666 0.7606481481481482 0.0140625 0.7305555555555555 0.029427083333333333 0.7203703703703703 0.027083333333333334 0.6976851851851852 0.005208333333333333 0.6976851851851852 0.00026041666666666666
0 0.9143518518518519 0.34765625 0.9425925925925925 0.34765625 0.9462962962962963 0.35182291666666665 0.9486111111111111 0.36614583333333334 0.9398148148148148 0.37083333333333335 0.9175925925925926 0.3770833333333333 0.8800925925925925 0.3802083333333333 0.8513888888888889 0.37838541666666664 0.7930555555555555 0.37890625 0.7898148148148149 0.37395833333333334 0.799074074074074 0.35234375 0.8032407407407407 0.3502604166666667 0.8166666666666667 0.3489583333333333 0.9138888888888889 0.34765625
0 0.8041666666666667 0.0046875 0.8490740740740741 0.010677083333333334 0.8689814814814815 0.01953125 0.8888888888888888 0.04296875 0.8898148148148148 0.054947916666666666 0.8870370370370371 0.062239583333333334 0.8518518518518519 0.06171875 0.8347222222222223 0.05911458333333333 0.799537037037037 0.05807291666666667 0.7791666666666667 0.059895833333333336 0.7481481481481481 0.06588541666666667 0.7194444444444444 0.050520833333333334 0.7236111111111111 0.038802083333333334 0.7407407407407407 0.025 0.7597222222222222 0.01484375 0.7967592592592593 0.0049479166666666664 0.8037037037037037 0.0046875
0 0.060648148148148145 0.11458333333333333 0.06527777777777778 0.14244791666666667 0.07407407407407407 0.15442708333333333 0.07268518518518519 0.171875 0.06388888888888888 0.17552083333333332 0.05138888888888889 0.17526041666666667 0.046296296296296294 0.17291666666666666 0.03518518518518519 0.14895833333333333 0.03611111111111111 0.13958333333333334 0.0412037037037037 0.13020833333333334 0.050462962962962966 0.11979166666666667 0.06018518518518518 0.11458333333333333
0 0.2412037037037037 0.04375 0.2569444444444444 0.05703125 0.2513888888888889 0.06979166666666667 0.24768518518518517 0.07005208333333333 0.23472222222222222 0.06276041666666667 0.21898148148148147 0.057291666666666664 0.2175925925925926 0.054947916666666666 0.2222222222222222 0.049479166666666664 0.24074074074074073 0.04401041666666667
0 0.999537037037037 0.04973958333333333 0.999537037037037 0.109375 0.9486111111111111 0.11119791666666666 0.9361111111111111 0.11067708333333333 0.9310185185185185 0.10625 0.9453703703703704 0.078125 0.9800925925925926 0.05520833333333333 0.9990740740740741 0.04973958333333333
0 0.8643518518518518 0.062239583333333334 0.8935185185185185 0.06458333333333334 0.9231481481481482 0.07630208333333334 0.9337962962962963 0.0875 0.9342592592592592 0.09322916666666667 0.9277777777777778 0.109375 0.9175925925925926 0.11223958333333334 0.9083333333333333 0.1109375 0.9023148148148148 0.09401041666666667 0.8837962962962963 0.07604166666666666 0.8569444444444444 0.06432291666666666 0.8638888888888889 0.062239583333333334
0 0.6546296296296297 0.3533854166666667 0.6787037037037037 0.35390625 0.6861111111111111 0.35572916666666665 0.6759259259259259 0.3809895833333333 0.6680555555555555 0.38385416666666666 0.6310185185185185 0.3848958333333333 0.6125 0.38359375 0.6125 0.3802083333333333 0.6013888888888889 0.36692708333333335 0.600925925925926 0.3580729166666667 0.6125 0.3546875 0.6541666666666667 0.3533854166666667
0 0.7282407407407407 0.35208333333333336 0.7412037037037037 0.35234375 0.7375 0.35546875 0.7342592592592593 0.35442708333333334 0.7328703703703704 0.35572916666666665 0.7375 0.35598958333333336 0.7398148148148148 0.36276041666666664 0.7458333333333333 0.36744791666666665 0.7509259259259259 0.3765625 0.749537037037037 0.37994791666666666 0.6893518518518519 0.38359375 0.6782407407407407 0.38307291666666665 0.674537037037037 0.3796875 0.6800925925925926 0.36692708333333335 0.6912037037037037 0.3572916666666667 0.7060185185185185 0.35234375 0.7277777777777777 0.35208333333333336
0 0.18055555555555555 0.12109375 0.21296296296296297 0.12473958333333333 0.24074074074074073 0.13541666666666666 0.26296296296296295 0.15338541666666666 0.27175925925925926 0.16510416666666666 0.2722222222222222 0.16979166666666667 0.25833333333333336 0.171875 0.09398148148148149 0.175 0.07777777777777778 0.17473958333333334 0.07361111111111111 0.17213541666666668 0.07731481481481481 0.1546875 0.09398148148148149 0.13932291666666666 0.10648148148148148 0.1328125 0.13194444444444445 0.12578125 0.15925925925925927 0.12161458333333333 0.18009259259259258 0.12109375
0 0.2569444444444444 0 0.3958333333333333 0 0.4134259259259259 0.015625 0.412962962962963 0.019791666666666666 0.3902777777777778 0.03802083333333333 0.35138888888888886 0.03411458333333333 0.3226851851851852 0.034375 0.2861111111111111 0.04140625 0.25833333333333336 0.05651041666666667 0.24675925925925926 0.045572916666666664 0.24212962962962964 0.0328125 0.24444444444444444 0.015885416666666666 0.2569444444444444 0.00026041666666666666
0 0.18888888888888888 0.053125 0.22083333333333333 0.05859375 0.2337962962962963 0.06302083333333333 0.2722222222222222 0.08463541666666667 0.2773148148148148 0.09166666666666666 0.27824074074074073 0.11171875 0.2773148148148148 0.11875 0.2726851851851852 0.12421875 0.2513888888888889 0.1375 0.20555555555555555 0.12213541666666666 0.17824074074074073 0.11979166666666667 0.1398148148148148 0.12317708333333334 0.10462962962962963 0.13229166666666667 0.07777777777777778 0.14973958333333334 0.07037037037037037 0.14765625 0.06712962962962964 0.14192708333333334 0.06296296296296296 0.11536458333333334 0.0699074074074074 0.09895833333333333 0.08425925925925926 0.084375 0.10555555555555556 0.07005208333333333 0.12083333333333333 0.06380208333333333 0.15231481481481482 0.055989583333333336 0.1884259259259259 0.053125
0 0.8069444444444445 0.05911458333333333 0.8398148148148148 0.06067708333333333 0.862037037037037 0.06692708333333333 0.8833333333333333 0.07604166666666666 0.9018518518518519 0.09453125 0.9064814814814814 0.109375 0.899537037037037 0.11276041666666667 0.8574074074074074 0.11380208333333333 0.7967592592592593 0.11848958333333333 0.712037037037037 0.11510416666666666 0.7050925925925926 0.11328125 0.7037037037037037 0.10911458333333333 0.7060185185185185 0.10208333333333333 0.7203703703703703 0.08463541666666667 0.736574074074074 0.07369791666666667 0.7620370370370371 0.06380208333333333 0.788425925925926 0.05963541666666667 0.8064814814814815 0.05911458333333333
0 0.3587962962962963 0.03515625 0.3824074074074074 0.03958333333333333 0.3962962962962963 0.0453125 0.41203703703703703 0.05572916666666667 0.42592592592592593 0.07005208333333333 0.43148148148148147 0.08880208333333334 0.4152777777777778 0.11458333333333333 0.4097222222222222 0.1171875 0.35138888888888886 0.1078125 0.3236111111111111 0.11067708333333333 0.30648148148148147 0.11484375 0.2851851851851852 0.11614583333333334 0.2814814814814815 0.11145833333333334 0.2796296296296296 0.08828125 0.25416666666666665 0.07369791666666667 0.25416666666666665 0.0671875 0.2611111111111111 0.057291666666666664 0.2851851851851852 0.04244791666666667 0.32731481481481484 0.03463541666666667 0.35833333333333334 0.03515625
0 0.10277777777777777 0 0.25 0 0.2375 0.027083333333333334 0.2273148148148148 0.03723958333333333 0.21944444444444444 0.04088541666666667 0.1962962962962963 0.04505208333333333 0.18009259259259258 0.04479166666666667 0.1537037037037037 0.04010416666666667 0.14444444444444443 0.03671875 0.11388888888888889 0.0171875 0.10277777777777777 0.00026041666666666666
0 0.16203703703703703 0.04348958333333333 0.17453703703703705 0.046875 0.1787037037037037 0.05026041666666667 0.13518518518518519 0.05911458333333333 0.1125 0.06614583333333333 0.08935185185185185 0.07942708333333333 0.07083333333333333 0.09583333333333334 0.06759259259259259 0.09453125 0.06574074074074074 0.08828125 0.06851851851851852 0.07213541666666666 0.07407407407407407 0.06276041666666667 0.08472222222222223 0.054947916666666666 0.09537037037037037 0.05 0.11481481481481481 0.04635416666666667 0.14444444444444443 0.04244791666666667 0.16157407407407406 0.04348958333333333
0 0.9606481481481481 0.046614583333333334 0.9805555555555555 0.039322916666666666 0.999537037037037 0.0359375 0.999537037037037 0.048177083333333336 0.987037037037037 0.05182291666666667 0.9657407407407408 0.06302083333333333 0.9467592592592593 0.0765625 0.9356481481481481 0.08828125 0.9208333333333333 0.075 0.9231481481481482 0.07005208333333333 0.9384259259259259 0.05755208333333333 0.9606481481481481 0.046875
0 0.3541666666666667 0.109375 0.3939814814814815 0.11588541666666667 0.4111111111111111 0.12265625 0.4393518518518518 0.14427083333333332 0.4476851851851852 0.15833333333333333 0.44675925925925924 0.16588541666666667 0.4287037037037037 0.16822916666666668 0.2861111111111111 0.1703125 0.2763888888888889 0.16875 0.2652777777777778 0.15130208333333334 0.2671296296296296 0.14401041666666667 0.2759259259259259 0.13385416666666666 0.2791666666666667 0.121875 0.2847222222222222 0.11901041666666666 0.30416666666666664 0.11692708333333333 0.324537037037037 0.11171875 0.3537037037037037 0.109375
0 0.5092592592592593 0.06979166666666667 0.5472222222222223 0.07369791666666667 0.5717592592592593 0.08098958333333334 0.5824074074074074 0.08671875 0.5953703703703703 0.09791666666666667 0.600462962962963 0.10598958333333333 0.600462962962963 0.11276041666666667 0.5939814814814814 0.11484375 0.5509259259259259 0.11875 0.538425925925926 0.12630208333333334 0.5319444444444444 0.13932291666666666 0.49675925925925923 0.14609375 0.4634259259259259 0.1578125 0.449537037037037 0.1515625 0.42083333333333334 0.12630208333333334 0.41898148148148145 0.11927083333333334 0.42407407407407405 0.10572916666666667 0.4361111111111111 0.090625 0.46064814814814814 0.07734375 0.4847222222222222 0.07135416666666666 0.5087962962962963 0.06979166666666667
0 0.48935185185185187 0.012239583333333333 0.5314814814814814 0.018489583333333334 0.549537037037037 0.025 0.5638888888888889 0.034375 0.575 0.045572916666666664 0.5791666666666667 0.053385416666666664 0.5777777777777777 0.06041666666666667 0.5587962962962963 0.07369791666666667 0.5259259259259259 0.07005208333333333 0.4930555555555556 0.06979166666666667 0.4699074074074074 0.07317708333333334 0.4393518518518518 0.08333333333333333 0.4351851851851852 0.08203125 0.42592592592592593 0.06692708333333333 0.3990740740740741 0.043229166666666666 0.399537037037037 0.03307291666666667 0.41435185185185186 0.022135416666666668 0.4425925925925926 0.014583333333333334 0.4888888888888889 0.012239583333333333
0 0.6643518518518519 0.04114583333333333 0.6851851851851852 0.04296875 0.7162037037037037 0.05026041666666667 0.7425925925925926 0.06770833333333333 0.7226851851851852 0.08072916666666667 0.6995370370370371 0.10729166666666666 0.6796296296296296 0.10859375 0.6722222222222223 0.11197916666666667 0.6611111111111111 0.11302083333333333 0.6157407407407407 0.11302083333333333 0.6060185185185185 0.11145833333333334 0.5939814814814814 0.09348958333333333 0.5708333333333333 0.07838541666666667 0.5671296296296297 0.07369791666666667 0.5708333333333333 0.0671875 0.5949074074074074 0.059895833333333336 0.6226851851851852 0.04609375 0.6388888888888888 0.04244791666666667 0.6638888888888889 0.04114583333333333
0 0.5833333333333334 0 0.687037037037037 0 0.711574074074074 0.021875 0.7171296296296297 0.035416666666666666 0.7143518518518519 0.04296875 0.7101851851851851 0.04583333333333333 0.6958333333333333 0.04505208333333333 0.6773148148148148 0.04114583333333333 0.6435185185185185 0.04114583333333333 0.6231481481481481 0.0453125 0.5916666666666667 0.055989583333333336 0.5851851851851851 0.05364583333333333 0.5592592592592592 0.026822916666666665 0.5675925925925925 0.011458333333333333 0.5833333333333334 0.00026041666666666666