0 0.13703703703703704 0.0036458333333333334 0.16018518518518518 0.03046875 0.18194444444444444 0.041666666666666664 0.18935185185185185 0.046875 0.18796296296296297 0.04869791666666667 0.1486111111111111 0.05520833333333333 0.13703703703703704 0.058854166666666666 0.1300925925925926 0.058854166666666666 0.12638888888888888 0.05651041666666667 0.11805555555555555 0.04583333333333333 0.11574074074074074 0.02734375 0.12175925925925926 0.013541666666666667 0.13657407407407407 0.00390625
0 0.924537037037037 0 0.9962962962962963 0 0.999537037037037 0.002864583333333333 0.999537037037037 0.0578125 0.9893518518518518 0.06171875 0.9694444444444444 0.07473958333333333 0.9629629629629629 0.07552083333333333 0.9458333333333333 0.0671875 0.9296296296296296 0.03854166666666667 0.9152777777777777 0.022395833333333334 0.9157407407407407 0.015364583333333333 0.924537037037037 0.00026041666666666666
0 0.9550925925925926 0.35625 0.999537037037037 0.3572916666666667 0.999537037037037 0.38177083333333334 0.9587962962962963 0.3875 0.8657407407407407 0.3875 0.8578703703703704 0.38697916666666665 0.8550925925925926 0.38359375 0.8625 0.36328125 0.8685185185185185 0.35885416666666664 0.9546296296296296 0.35625
0 0.8629629629629629 0.013802083333333333 0.8819444444444444 0.015104166666666667 0.8967592592592593 0.01875 0.9162037037037037 0.028125 0.9356481481481481 0.05416666666666667 0.9328703703703703 0.06822916666666666 0.9074074074074074 0.06927083333333334 0.8856481481481482 0.06614583333333333 0.8564814814814815 0.06588541666666667 0.8018518518518518 0.07604166666666666 0.7967592592592593 0.07552083333333333 0.7671296296296296 0.057291666666666664 0.7648148148148148 0.05364583333333333 0.7685185185185185 0.04635416666666667 0.7898148148148149 0.029947916666666668 0.8166666666666667 0.018229166666666668 0.8333333333333334 0.014322916666666666 0.8625 0.013802083333333333
0 0.8782407407407408 0.06666666666666667 0.9078703703703703 0.07057291666666667 0.9217592592592593 0.0765625 0.9351851851851852 0.07942708333333333 0.9523148148148148 0.09088541666666666 0.9675925925925926 0.11197916666666667 0.9685185185185186 0.11953125 0.9643518518518519 0.12317708333333334 0.9050925925925926 0.12786458333333334 0.8282407407407407 0.1265625 0.774537037037037 0.1234375 0.762962962962963 0.12005208333333334 0.7652777777777777 0.10911458333333333 0.7754629629629629 0.09609375 0.7958333333333333 0.08046875 0.8490740740740741 0.06744791666666666 0.8777777777777778 0.06666666666666667
0 0.10925925925925926 0.11953125 0.1125 0.12083333333333333 0.1175925925925926 0.15260416666666668 0.12824074074074074 0.16770833333333332 0.12777777777777777 0.18541666666666667 0.12083333333333333 0.18723958333333332 0.10046296296296296 0.18567708333333333 0.09027777777777778 0.17786458333333333 0.08333333333333333 0.16484375 0.08425925925925926 0.14270833333333333 0.09166666666666666 0.1328125 0.1087962962962963 0.11979166666666667
0 0.8537037037037037 0.359375 0.8574074074074074 0.3640625 0.8546296296296296 0.37994791666666666 0.85 0.38645833333333335 0.8046296296296296 0.390625 0.6856481481481481 0.3932291666666667 0.6777777777777778 0.390625 0.6722222222222223 0.38515625 0.6597222222222222 0.37942708333333336 0.6587962962962963 0.3697916666666667 0.6648148148148149 0.36614583333333334 0.7106481481481481 0.36276041666666664 0.7759259259259259 0.36171875 0.8203703703703704 0.35885416666666664 0.8532407407407407 0.359375
0 0.7296296296296296 0 0.887962962962963 0 0.8837962962962963 0.013020833333333334 0.8402777777777778 0.012760416666666666 0.8287037037037037 0.014322916666666666 0.8064814814814815 0.02109375 0.7726851851851851 0.0359375 0.7620370370370371 0.03046875 0.7342592592592593 0.00859375 0.7300925925925926 0.0049479166666666664 0.7296296296296296 0.00026041666666666666
0 0.9351851851851852 0.07057291666666667 0.9662037037037037 0.07942708333333333 0.9736111111111111 0.07994791666666666 0.9763888888888889 0.08489583333333334 0.9851851851851852 0.09010416666666667 0.9902777777777778 0.09817708333333333 0.9879629629629629 0.11588541666666667 0.9902777777777778 0.11979166666666667 0.9782407407407407 0.121875 0.9699074074074074 0.12083333333333333 0.9643518518518519 0.10416666666666667 0.9486111111111111 0.08723958333333333 0.9351851851851852 0.07994791666666666 0.9106481481481481 0.07109375 0.9347222222222222 0.07057291666666667
0 0.6143518518518518 0.14817708333333332 0.6263888888888889 0.1484375 0.6291666666666667 0.15052083333333333 0.625462962962963 0.17447916666666666 0.6138888888888889 0.17630208333333333 0.5199074074074074 0.17916666666666667 0.5083333333333333 0.17864583333333334 0.5138888888888888 0.17135416666666667 0.5527777777777778 0.15390625 0.5777777777777777 0.14921875 0.6138888888888889 0.14817708333333332
0 0.31574074074074077 0 0.4212962962962963 0 0.4222222222222222 0.0020833333333333333 0.4439814814814815 0.011197916666666667 0.4587962962962963 0.025260416666666667 0.45740740740740743 0.030208333333333334 0.4351851851851852 0.04479166666666667 0.3921296296296296 0.04114583333333333 0.36666666666666664 0.042708333333333334 0.3347222222222222 0.04921875 0.30694444444444446 0.065625 0.2986111111111111 0.06171875 0.2916666666666667 0.0546875 0.2861111111111111 0.03567708333333333 0.29259259259259257 0.019010416666666665 0.31574074074074077 0.00026041666666666666
0 0.3912037037037037 0.04192708333333333 0.4050925925925926 0.04296875 0.4361111111111111 0.04921875 0.45740740740740743 0.06067708333333333 0.4773148148148148 0.084375 0.48009259259259257 0.0953125 0.4777777777777778 0.10286458333333333 0.4671296296296296 0.11979166666666667 0.4601851851851852 0.12421875 0.42268518518518516 0.11796875 0.40046296296296297 0.11640625 0.34074074074074073 0.12447916666666667 0.3333333333333333 0.12317708333333334 0.32685185185185184 0.09505208333333333 0.3037037037037037 0.0796875 0.3050925925925926 0.07109375 0.32037037037037036 0.05703125 0.33425925925925926 0.05 0.36898148148148147 0.04296875 0.3907407407407407 0.04192708333333333
0 0.7587962962962963 0.11380208333333333 0.7583333333333333 0.12291666666666666 0.7305555555555555 0.125 0.700462962962963 0.12447916666666667 0.6967592592592593 0.12317708333333334 0.700462962962963 0.12109375 0.7231481481481481 0.11536458333333334 0.7583333333333333 0.11380208333333333
0 0.6078703703703704 0 0.6472222222222223 0 0.6472222222222223 0.0015625 0.6129629629629629 0.013541666666666667 0.6087962962962963 0.00859375 0.6078703703703704 0.00026041666666666666
0 0.2861111111111111 0.0515625 0.3055555555555556 0.06692708333333333 0.300462962962963 0.07682291666666667 0.25787037037037036 0.06067708333333333 0.28564814814814815 0.05182291666666667
0 0.1425925925925926 0 0.3074074074074074 0 0.29074074074074074 0.018229166666666668 0.2791666666666667 0.03984375 0.26481481481481484 0.04583333333333333 0.23055555555555557 0.05234375 0.21064814814814814 0.05078125 0.1865740740740741 0.04609375 0.18564814814814815 0.043229166666666666 0.15462962962962962 0.024739583333333332 0.14351851851851852 0.008854166666666666 0.1425925925925926 0.00026041666666666666
0 0.1935185185185185 0.05130208333333333 0.22453703703703703 0.05703125 0.22453703703703703 0.06041666666666667 0.19398148148148148 0.06588541666666667 0.15324074074074073 0.07942708333333333 0.1162037037037037 0.109375 0.10925925925925926 0.10338541666666666 0.10787037037037037 0.09192708333333334 0.11203703703703703 0.07760416666666667 0.12083333333333333 0.06692708333333333 0.12916666666666668 0.062239583333333334 0.15046296296296297 0.05546875 0.1638888888888889 0.05286458333333333 0.19305555555555556 0.05130208333333333
0 0.8902777777777777 0 0.9222222222222223 0 0.9148148148148149 0.017447916666666667 0.9111111111111111 0.020052083333333335 0.8902777777777777 0.015364583333333333 0.8865740740740741 0.011979166666666667 0.8902777777777777 0.00026041666666666666
0 0.9699074074074074 0.08489583333333334 0.9694444444444444 0.07838541666666667 0.9773148148148149 0.07057291666666667 0.9981481481481481 0.05859375 0.999537037037037 0.10052083333333334 0.9884259259259259 0.1015625 0.9810185185185185 0.0921875 0.9703703703703703 0.08489583333333334
0 0.5569444444444445 0.07942708333333333 0.5967592592592592 0.08072916666666667 0.6226851851851852 0.08828125 0.6388888888888888 0.09817708333333333 0.6453703703703704 0.10494791666666667 0.6523148148148148 0.11588541666666667 0.6532407407407408 0.1234375 0.6351851851851852 0.134375 0.6296296296296297 0.14635416666666667 0.5712962962962963 0.14973958333333334 0.5435185185185185 0.15625 0.5189814814814815 0.165625 0.5060185185185185 0.16171875 0.4736111111111111 0.134375 0.4699074074074074 0.12890625 0.47314814814814815 0.11640625 0.48703703703703705 0.09765625 0.5055555555555555 0.08802083333333334 0.5263888888888889 0.08098958333333334 0.5564814814814815 0.07942708333333333
0 0.4064814814814815 0.11770833333333333 0.44212962962962965 0.12213541666666666 0.4671296296296296 0.13229166666666667 0.4949074074074074 0.15520833333333334 0.49907407407407406 0.1640625 0.49953703703703706 0.17552083333333332 0.4925925925925926 0.17864583333333334 0.4842592592592593 0.17942708333333332 0.3560185185185185 0.18203125 0.3347222222222222 0.17994791666666668 0.32037037037037036 0.15807291666666667 0.3194444444444444 0.15364583333333334 0.32916666666666666 0.1421875 0.33287037037037037 0.12994791666666666 0.3435185185185185 0.12552083333333333 0.38333333333333336 0.11848958333333333 0.4060185185185185 0.11770833333333333
0 0.5273148148148148 0.019791666666666666 0.5671296296296297 0.023177083333333334 0.5861111111111111 0.028385416666666666 0.5990740740740741 0.03515625 0.6203703703703703 0.052083333333333336 0.625 0.059895833333333336 0.6240740740740741 0.06692708333333333 0.6055555555555555 0.08046875 0.5782407407407407 0.07786458333333333 0.5305555555555556 0.0796875 0.49166666666666664 0.09010416666666667 0.4847222222222222 0.08828125 0.46574074074074073 0.06588541666666667 0.4449074074074074 0.04869791666666667 0.4439814814814815 0.04296875 0.4583333333333333 0.03203125 0.48009259259259257 0.025 0.4962962962962963 0.021354166666666667 0.5268518518518519 0.019791666666666666
0 0.4532407407407407 0 0.6041666666666666 0 0.6074074074074074 0.0109375 0.6050925925925926 0.01796875 0.5888888888888889 0.026822916666666665 0.549074074074074 0.020052083333333335 0.5268518518518519 0.019010416666666665 0.49444444444444446 0.02109375 0.4699074074074074 0.0265625 0.46296296296296297 0.023958333333333335 0.4527777777777778 0.013020833333333334 0.45092592592592595 0.007552083333333333 0.4532407407407407 0.00026041666666666666
0 0.7037037037037037 0.04869791666666667 0.7305555555555555 0.05026041666666667 0.7597222222222222 0.055989583333333336 0.7870370370370371 0.07109375 0.7925925925925926 0.07890625 0.7671296296296296 0.10416666666666667 0.7583333333333333 0.12135416666666667 0.7444444444444445 0.1203125 0.7412037037037037 0.11796875 0.7310185185185185 0.12265625 0.7180555555555556 0.12083333333333333 0.674537037037037 0.12526041666666668 0.6615740740740741 0.12473958333333333 0.6574074074074074 0.12291666666666666 0.6486111111111111 0.10546875 0.6356481481481482 0.09348958333333333 0.6203703703703703 0.08489583333333334 0.6175925925925926 0.078125 0.6194444444444445 0.07447916666666667 0.6263888888888889 0.07083333333333333 0.6439814814814815 0.065625 0.6712962962962963 0.053385416666666664 0.7032407407407407 0.04869791666666667
0 0.6467592592592593 0 0.7134259259259259 0 0.7138888888888889 0.0018229166666666667 0.7300925925925926 0.008072916666666667 0.749537037037037 0.021875 0.7560185185185185 0.028645833333333332 0.7601851851851852 0.03958333333333333 0.7592592592592593 0.04739583333333333 0.7527777777777778 0.05234375 0.7212962962962963 0.0484375 0.6967592592592593 0.0484375 0.6694444444444444 0.053125 0.649537037037037 0.06171875 0.6351851851851852 0.06171875 0.6055555555555555 0.03802083333333333 0.6037037037037037 0.03203125 0.6157407407407407 0.015364583333333333 0.6467592592592593 0.00026041666666666666
0 0.24212962962962964 0.06171875 0.25972222222222224 0.06380208333333333 0.2828703703703704 0.07057291666666667 0.324537037037037 0.09348958333333333 0.32916666666666666 0.10182291666666667 0.33101851851851855 0.12135416666666667 0.3277777777777778 0.12942708333333333 0.3189814814814815 0.13697916666666668 0.3050925925925926 0.14348958333333334 0.2953703703703704 0.14166666666666666 0.2722222222222222 0.13229166666666667 0.25 0.12916666666666668 0.22037037037037038 0.12890625 0.18611111111111112 0.13307291666666668 0.15833333333333333 0.14140625 0.12962962962962962 0.16197916666666667 0.1259259259259259 0.16145833333333334 0.11944444444444445 0.15104166666666666 0.11435185185185186 0.12552083333333333 0.11851851851851852 0.11145833333333334 0.1337962962962963 0.0953125 0.1537037037037037 0.08020833333333334 0.18055555555555555 0.0703125 0.21666666666666667 0.062239583333333334 0.24166666666666667 0.06171875
0 0.24768518518518517 0.13020833333333334 0.2796296296296296 0.13541666666666666 0.3013888888888889 0.14583333333333334 0.32546296296296295 0.1671875 0.33055555555555555 0.17760416666666667 0.3296296296296296 0.18203125 0.15555555555555556 0.18697916666666667 0.13148148148148148 0.18567708333333333 0.13055555555555556 0.17291666666666666 0.13657407407407407 0.16119791666666666 0.14814814814814814 0.15 0.16712962962962963 0.13932291666666666 0.20555555555555555 0.13177083333333334 0.24722222222222223 0.13046875