0 0.836574074074074 0 0.9958333333333333 0 0.999537037037037 0.004166666666666667 0.999537037037037 0.02890625 0.9912037037037037 0.03671875 0.9736111111111111 0.0390625 0.9527777777777777 0.03854166666666667 0.924074074074074 0.0453125 0.9 0.05520833333333333 0.8726851851851852 0.07161458333333333 0.8527777777777777 0.06041666666666667 0.8467592592592592 0.04010416666666667 0.8310185185185185 0.019791666666666666 0.8305555555555556 0.012760416666666666 0.836574074074074 0.00026041666666666666
0 0.6203703703703703 0.04114583333333333 0.6347222222222222 0.042708333333333334 0.6643518518518519 0.04973958333333333 0.6759259259259259 0.05572916666666667 0.687962962962963 0.06770833333333333 0.6625 0.08307291666666666 0.6402777777777777 0.10677083333333333 0.5944444444444444 0.11432291666666666 0.5675925925925925 0.12395833333333334 0.5578703703703703 0.12317708333333334 0.5537037037037037 0.1203125 0.5412037037037037 0.09713541666666667 0.5157407407407407 0.078125 0.5152777777777777 0.06953125 0.5236111111111111 0.0640625 0.5416666666666666 0.05963541666666667 0.5606481481481481 0.04973958333333333 0.5745370370370371 0.0453125 0.5902777777777778 0.04192708333333333 0.6199074074074075 0.04114583333333333
0 0.4412037037037037 0.009895833333333333 0.4532407407407407 0.010677083333333334 0.4949074074074074 0.020833333333333332 0.5199074074074074 0.03828125 0.5287037037037037 0.057291666666666664 0.5148148148148148 0.06588541666666667 0.5064814814814815 0.07578125 0.4486111111111111 0.06927083333333334 0.41435185185185186 0.07265625 0.3837962962962963 0.08203125 0.3800925925925926 0.08125 0.3712962962962963 0.06640625 0.3449074074074074 0.04244791666666667 0.34444444444444444 0.032552083333333336 0.3574074074074074 0.022135416666666668 0.3907407407407407 0.0125 0.4046296296296296 0.009895833333333333 0.44074074074074077 0.009895833333333333
0 0.6504629629629629 0 0.8055555555555556 0 0.8023148148148148 0.005989583333333334 0.7972222222222223 0.007552083333333333 0.7722222222222223 0.005729166666666666 0.7615740740740741 0.003125 0.7569444444444444 0.00546875 0.7310185185185185 0.008854166666666666 0.7060185185185185 0.0171875 0.6856481481481481 0.028125 0.6717592592592593 0.022916666666666665 0.6504629629629629 0.00026041666666666666
0 0.7425925925925926 0.06197916666666667 0.7833333333333333 0.06692708333333333 0.8143518518518519 0.07708333333333334 0.8282407407407407 0.08645833333333333 0.8393518518518519 0.09895833333333333 0.8449074074074074 0.11171875 0.8449074074074074 0.12317708333333334 0.8277777777777777 0.12578125 0.7592592592592593 0.12682291666666667 0.6921296296296297 0.13177083333333334 0.6666666666666666 0.13151041666666666 0.6439814814814815 0.12890625 0.6402777777777777 0.12083333333333333 0.6439814814814815 0.10546875 0.6615740740740741 0.0859375 0.6810185185185185 0.07421875 0.7032407407407407 0.06640625 0.7240740740740741 0.06276041666666667 0.7421296296296296 0.06197916666666667
0 0.8162037037037037 0.36223958333333334 0.8763888888888889 0.36328125 0.8837962962962963 0.36640625 0.8842592592592593 0.3731770833333333 0.8726851851851852 0.3809895833333333 0.8523148148148149 0.38776041666666666 0.8310185185185185 0.39140625 0.8050925925925926 0.3924479166666667 0.7699074074074074 0.39088541666666665 0.7162037037037037 0.39140625 0.712037037037037 0.39036458333333335 0.712037037037037 0.38671875 0.7217592592592592 0.36614583333333334 0.7268518518518519 0.36380208333333336 0.8157407407407408 0.36223958333333334
0 0.7611111111111111 0.0046875 0.8064814814814815 0.0109375 0.8287037037037037 0.021614583333333333 0.8462962962962963 0.045572916666666664 0.8462962962962963 0.059895833333333336 0.8421296296296297 0.06536458333333334 0.825925925925926 0.06328125 0.7796296296296297 0.06458333333333334 0.7439814814814815 0.06067708333333333 0.6962962962962963 0.06536458333333334 0.6763888888888889 0.0546875 0.6731481481481482 0.04973958333333333 0.6777777777777778 0.03984375 0.6990740740740741 0.021354166666666667 0.712037037037037 0.01484375 0.7347222222222223 0.008072916666666667 0.7606481481481482 0.0046875
0 0.3611111111111111 0 0.5203703703703704 0 0.5208333333333334 0.004427083333333333 0.5120370370370371 0.015364583333333333 0.5050925925925925 0.019791666666666666 0.500462962962963 0.020052083333333335 0.44305555555555554 0.009375 0.40324074074074073 0.009635416666666667 0.3726851851851852 0.015104166666666667 0.36157407407407405 0.0049479166666666664 0.3611111111111111 0.00026041666666666666
0 0.03194444444444444 0 0.05092592592592592 0 0.06666666666666667 0.017447916666666667 0.0962962962962963 0.03307291666666667 0.09768518518518518 0.03567708333333333 0.09166666666666666 0.038802083333333334 0.03981481481481482 0.04401041666666667 0.028703703703703703 0.022395833333333334 0.028703703703703703 0.008072916666666667 0.03194444444444444 0.00026041666666666666
0 0.9912037037037037 0.0453125 0.999537037037037 0.04791666666666667 0.999537037037037 0.12291666666666666 0.950925925925926 0.125 0.8787037037037037 0.12395833333333334 0.875 0.12265625 0.8736111111111111 0.11901041666666666 0.875462962962963 0.103125 0.8824074074074074 0.08776041666666666 0.9111111111111111 0.065625 0.9458333333333333 0.05182291666666667 0.9907407407407407 0.045572916666666664
0 0.28703703703703703 0.10989583333333333 0.3277777777777778 0.11588541666666667 0.3537037037037037 0.1265625 0.37083333333333335 0.1390625 0.38055555555555554 0.15 0.3851851851851852 0.159375 0.3851851851851852 0.16822916666666668 0.3800925925925926 0.17578125 0.3611111111111111 0.17864583333333334 0.26157407407407407 0.18046875 0.20972222222222223 0.17942708333333332 0.19537037037037036 0.153125 0.20925925925925926 0.1359375 0.2125 0.12317708333333334 0.21898148148148147 0.11953125 0.23703703703703705 0.11770833333333333 0.26296296296296295 0.11171875 0.2865740740740741 0.10989583333333333
0 0.12037037037037036 0.121875 0.15416666666666667 0.12994791666666666 0.17824074074074073 0.14401041666666667 0.1962962962962963 0.16119791666666666 0.20462962962962963 0.17526041666666667 0.20277777777777778 0.18046875 0.14166666666666666 0.1828125 0.009259259259259259 0.18411458333333333 0 0.18359375 0 0.15416666666666667 0.02361111111111111 0.13645833333333332 0.03425925925925926 0.13177083333333334 0.06805555555555555 0.12526041666666668 0.09351851851851851 0.12239583333333333 0.11990740740740741 0.121875
0 0.2 0 0.350462962962963 0 0.36435185185185187 0.014583333333333334 0.36157407407407405 0.019010416666666665 0.34629629629629627 0.026822916666666665 0.3375 0.0375 0.3282407407407407 0.0375 0.29583333333333334 0.03203125 0.27175925925925926 0.03125 0.23055555555555557 0.03854166666666667 0.20277777777777778 0.05130208333333333 0.19212962962962962 0.04010416666666667 0.18888888888888888 0.029947916666666668 0.19166666666666668 0.011979166666666667 0.2 0.00026041666666666666
0 0.05324074074074074 0 0.19444444444444445 0 0.18194444444444444 0.027604166666666666 0.16712962962962963 0.03619791666666667 0.14166666666666666 0.04088541666666667 0.12175925925925926 0.03984375 0.09675925925925925 0.03359375 0.07083333333333333 0.0203125 0.055092592592592596 0.005208333333333333 0.05324074074074074 0.00026041666666666666
0 0.19027777777777777 0.041666666666666664 0.2013888888888889 0.05390625 0.18888888888888888 0.07057291666666667 0.16157407407407406 0.05755208333333333 0.1574074074074074 0.05286458333333333 0.1638888888888889 0.04791666666666667 0.18981481481481483 0.041666666666666664
0 0.09953703703703703 0.03854166666666667 0.1287037037037037 0.043229166666666666 0.14074074074074075 0.048177083333333336 0.14675925925925926 0.05364583333333333 0.11203703703703703 0.05078125 0.0787037037037037 0.05520833333333333 0.04259259259259259 0.06588541666666667 0.015277777777777777 0.08151041666666667 0.013425925925925926 0.07604166666666666 0.018055555555555554 0.06302083333333333 0.027777777777777776 0.05286458333333333 0.03935185185185185 0.04609375 0.07916666666666666 0.039322916666666666 0.09907407407407408 0.03854166666666667
0 0.11805555555555555 0.05182291666666667 0.14675925925925926 0.054947916666666666 0.16527777777777777 0.06015625 0.21435185185185185 0.08776041666666666 0.21574074074074073 0.11614583333333334 0.19675925925925927 0.13645833333333332 0.18194444444444444 0.14322916666666666 0.16111111111111112 0.13177083333333334 0.1439814814814815 0.12526041666666668 0.12361111111111112 0.12109375 0.09768518518518518 0.12109375 0.05648148148148148 0.125 0.03888888888888889 0.12890625 0.005092592592592593 0.14427083333333332 0 0.14401041666666667 0 0.09869791666666666 0.015277777777777777 0.08333333333333333 0.04212962962962963 0.06666666666666667 0.06111111111111111 0.059895833333333336 0.09583333333333334 0.05286458333333333 0.1175925925925926 0.05182291666666667
0 0.6393518518518518 0.10885416666666667 0.6412037037037037 0.12708333333333333 0.6375 0.1296875 0.5814814814814815 0.12760416666666666 0.5768518518518518 0.1265625 0.5763888888888888 0.12291666666666666 0.5912037037037037 0.11614583333333334 0.6050925925925926 0.1125 0.6388888888888888 0.10885416666666667
0 0.9944444444444445 0.03854166666666667 0.999537037037037 0.039322916666666666 0.999537037037037 0.04635416666666667 0.9699074074074074 0.046875 0.9319444444444445 0.05546875 0.9087962962962963 0.06640625 0.8833333333333333 0.08489583333333334 0.874537037037037 0.07864583333333333 0.8791666666666667 0.0703125 0.8967592592592593 0.05755208333333333 0.9212962962962963 0.04635416666666667 0.9513888888888888 0.0390625 0.9939814814814815 0.03854166666666667
0 0.40300925925925923 0.16640625 0.038425925925925926 0.025
0 0.4527777777777778 0.06979166666666667 0.4875 0.07369791666666667 0.5083333333333333 0.07838541666666667 0.5208333333333334 0.08411458333333334 0.5402777777777777 0.09921875 0.5472222222222223 0.11119791666666666 0.549074074074074 0.12317708333333334 0.5430555555555555 0.12526041666666668 0.4393518518518518 0.12916666666666668 0.42407407407407405 0.13619791666666667 0.41944444444444445 0.15130208333333334 0.41574074074074074 0.15416666666666667 0.4013888888888889 0.159375 0.39351851851851855 0.15911458333333334 0.3611111111111111 0.12682291666666667 0.3611111111111111 0.11666666666666667 0.3685185185185185 0.10104166666666667 0.38101851851851853 0.08828125 0.41064814814814815 0.07447916666666667 0.45231481481481484 0.07005208333333333
0 0.6777777777777778 0.3640625 0.7111111111111111 0.36380208333333336 0.7212962962962963 0.3653645833333333 0.7171296296296297 0.3770833333333333 0.7055555555555556 0.39036458333333335 0.6578703703703703 0.39401041666666664 0.6046296296296296 0.39479166666666665 0.5462962962962963 0.39401041666666664 0.5236111111111111 0.37526041666666665 0.5203703703703704 0.3697916666666667 0.5226851851851851 0.3684895833333333 0.5504629629629629 0.3658854166666667 0.6773148148148148 0.3640625
0 0.5305555555555556 0 0.6449074074074074 0 0.6657407407407407 0.018229166666666668 0.6731481481481482 0.03203125 0.6717592592592593 0.04114583333333333 0.6615740740740741 0.047135416666666666 0.6277777777777778 0.04088541666666667 0.5958333333333333 0.040625 0.5708333333333333 0.045572916666666664 0.55 0.05390625 0.5393518518518519 0.05546875 0.5111111111111111 0.026302083333333334 0.5152777777777777 0.016145833333333335 0.5305555555555556 0.00026041666666666666
0 0.2875 0.03203125 0.3143518518518518 0.035416666666666666 0.34444444444444444 0.0453125 0.37083333333333335 0.06927083333333334 0.37546296296296294 0.08828125 0.3587962962962963 0.1125 0.3509259259259259 0.11875 0.3111111111111111 0.11119791666666666 0.2875 0.10885416666666667 0.26064814814814813 0.1109375 0.2361111111111111 0.115625 0.2199074074074074 0.11458333333333333 0.2175925925925926 0.10338541666666666 0.21944444444444444 0.08854166666666667 0.20972222222222223 0.08125 0.1935185185185185 0.07578125 0.19166666666666668 0.07057291666666667 0.19537037037037036 0.0640625 0.2050925925925926 0.053125 0.23055555555555557 0.039322916666666666 0.2671296296296296 0.032552083333333336 0.28703703703703703 0.03203125
0 0.8277777777777777 0.0640625 0.8574074074074074 0.07109375 0.8717592592592592 0.07786458333333333 0.8800925925925925 0.08515625 0.8722222222222222 0.109375 0.8712962962962963 0.12265625 0.8555555555555555 0.12447916666666667 0.8472222222222222 0.12317708333333334 0.8439814814814814 0.10494791666666667 0.8296296296296296 0.08723958333333333 0.8148148148148148 0.07630208333333334 0.7967592592592593 0.07109375 0.7939814814814815 0.06770833333333333 0.7962962962962963 0.06458333333333334 0.8273148148148148 0.0640625