0 0.5981481481481481 0 0.7805555555555556 0 0.7842592592592592 0.015364583333333333 0.7791666666666667 0.025 0.7722222222222223 0.027864583333333335 0.7203703703703703 0.01796875 0.6921296296296297 0.018489583333333334 0.6694444444444444 0.021354166666666667 0.6263888888888889 0.035416666666666666 0.6212962962962963 0.03333333333333333 0.6125 0.023697916666666666 0.5981481481481481 0.00026041666666666666
0 0.8453703703703703 0.45416666666666666 0.9944444444444445 0.45651041666666664 0.999537037037037 0.45807291666666666 0.999537037037037 0.4744791666666667 0.975925925925926 0.47734375 0.937037037037037 0.4783854166666667 0.9009259259259259 0.47578125 0.8208333333333333 0.47421875 0.8175925925925925 0.46927083333333336 0.8231481481481482 0.45651041666666664 0.8449074074074074 0.45416666666666666
0 0.20601851851851852 0 0.20925925925925926 0.0018229166666666667 0.2101851851851852 0 0.26157407407407407 0 0.26157407407407407 0.0015625 0.2375 0.01015625 0.22037037037037038 0.0203125 0.21666666666666667 0.020052083333333335 0.20787037037037037 0.008333333333333333 0.20601851851851852 0.00026041666666666666
0 0.3125 0.09583333333333334 0.3416666666666667 0.09869791666666666 0.37453703703703706 0.10859375 0.3972222222222222 0.12083333333333333 0.4185185185185185 0.13958333333333334 0.4287037037037037 0.15625 0.4300925925925926 0.17135416666666667 0.4041666666666667 0.19817708333333334 0.3907407407407407 0.19739583333333333 0.36203703703703705 0.18854166666666666 0.33101851851851855 0.1828125 0.2898148148148148 0.18385416666666668 0.25324074074074077 0.19010416666666666 0.23287037037037037 0.19661458333333334 0.21666666666666667 0.19661458333333334 0.19490740740740742 0.14791666666666667 0.2162037037037037 0.12630208333333334 0.22037037037037038 0.11171875 0.23333333333333334 0.10572916666666667 0.2550925925925926 0.10416666666666667 0.27870370370370373 0.0984375 0.31203703703703706 0.09583333333333334
0 0.8902777777777777 0.05416666666666667 0.9175925925925926 0.055989583333333336 0.9527777777777777 0.06432291666666666 0.9787037037037037 0.07317708333333334 0.999537037037037 0.09010416666666667 0.999537037037037 0.15989583333333332 0.9907407407407407 0.16432291666666668 0.9120370370370371 0.16953125 0.8601851851851852 0.16901041666666666 0.7675925925925926 0.15911458333333334 0.7638888888888888 0.15703125 0.7583333333333333 0.13932291666666666 0.7583333333333333 0.10989583333333333 0.7851851851851852 0.08151041666666667 0.8106481481481481 0.06744791666666666 0.8347222222222223 0.059895833333333336 0.8898148148148148 0.05416666666666667
0 0.5236111111111111 0.05130208333333333 0.5476851851851852 0.053125 0.5782407407407407 0.06041666666666667 0.5939814814814814 0.06640625 0.612037037037037 0.07734375 0.6268518518518519 0.09348958333333333 0.6310185185185185 0.10416666666666667 0.6328703703703704 0.1234375 0.6273148148148148 0.14088541666666668 0.6199074074074075 0.14921875 0.6129629629629629 0.15130208333333334 0.6018518518518519 0.15130208333333334 0.5675925925925925 0.14401041666666667 0.5425925925925926 0.14270833333333333 0.4925925925925926 0.14895833333333333 0.46574074074074073 0.15833333333333333 0.4462962962962963 0.16223958333333333 0.4361111111111111 0.15755208333333334 0.4236111111111111 0.14010416666666667 0.4023148148148148 0.11953125 0.4027777777777778 0.10833333333333334 0.4134259259259259 0.08697916666666666 0.43148148148148147 0.07057291666666667 0.4638888888888889 0.05677083333333333 0.48194444444444445 0.05286458333333333 0.5231481481481481 0.05130208333333333
0 0.638425925925926 0.45286458333333335 0.7898148148148149 0.45286458333333335 0.8138888888888889 0.45546875 0.8148148148148148 0.46484375 0.8004629629629629 0.47317708333333336 0.7416666666666667 0.47578125 0.6199074074074075 0.47421875 0.6087962962962963 0.46380208333333334 0.6055555555555555 0.45625 0.6087962962962963 0.45416666666666666 0.637962962962963 0.45286458333333335
0 0.20324074074074075 0.0049479166666666664 0.21481481481481482 0.015885416666666666 0.2162037037037037 0.022395833333333334 0.1962962962962963 0.04401041666666667 0.1726851851851852 0.029427083333333333 0.16944444444444445 0.018489583333333334 0.17314814814814813 0.013541666666666667 0.18472222222222223 0.008072916666666667 0.20277777777777778 0.0049479166666666664
0 0.04398148148148148 0 0.11018518518518519 0 0.11296296296296296 0.0026041666666666665 0.14212962962962963 0.00859375 0.16018518518518518 0.022395833333333334 0.1574074074074074 0.024739583333333332 0.1162037037037037 0.018489583333333334 0.0824074074074074 0.019270833333333334 0.03564814814814815 0.02734375 0 0.04010416666666667 0 0.02109375 0.015277777777777777 0.010416666666666666 0.04351851851851852 0.0018229166666666667 0.04398148148148148 0.00026041666666666666
0 0.33611111111111114 0.18411458333333333 0.37037037037037035 0.19166666666666668 0.41712962962962963 0.20885416666666667 0.42314814814814816 0.21302083333333333 0.42592592592592593 0.2203125 0.4078703703703704 0.22239583333333332 0.2875 0.22135416666666666 0.2064814814814815 0.21848958333333332 0.20601851851851852 0.21588541666666666 0.2175925925925926 0.20651041666666667 0.25462962962962965 0.19114583333333332 0.29768518518518516 0.18411458333333333 0.33564814814814814 0.18411458333333333
0 0.5513888888888889 0.14427083333333332 0.5828703703703704 0.14713541666666666 0.5949074074074074 0.15078125 0.5967592592592592 0.15442708333333333 0.5837962962962963 0.15651041666666668 0.5365740740740741 0.15703125 0.5143518518518518 0.16380208333333332 0.5050925925925925 0.17682291666666666 0.49907407407407406 0.2171875 0.49444444444444446 0.22005208333333334 0.4787037037037037 0.221875 0.4398148148148148 0.22161458333333334 0.4310185185185185 0.22005208333333334 0.41574074074074074 0.20338541666666668 0.41712962962962963 0.19635416666666666 0.42777777777777776 0.18098958333333334 0.4476851851851852 0.16666666666666666 0.48055555555555557 0.15364583333333334 0.5189814814814815 0.14609375 0.5509259259259259 0.14427083333333332
0 0.0824074074074074 0.10989583333333333 0.11527777777777778 0.11119791666666666 0.1412037037037037 0.11822916666666666 0.1763888888888889 0.1390625 0.18981481481481483 0.15234375 0.20462962962962963 0.17473958333333334 0.20833333333333334 0.1953125 0.2064814814814815 0.20546875 0.20046296296296295 0.21484375 0.19490740740740742 0.21796875 0.1824074074074074 0.21927083333333333 0.0787037037037037 0.21901041666666668 0 0.21640625 0 0.11510416666666666 0.038425925925925926 0.1109375 0.08194444444444444 0.10989583333333333
0 0.975462962962963 0 0.999537037037037 0 0.999537037037037 0.037760416666666664 0.9949074074074075 0.03567708333333333 0.975462962962963 0.00026041666666666666
0 0.11527777777777778 0.019270833333333334 0.13796296296296295 0.021875 0.16435185185185186 0.028645833333333332 0.18518518518518517 0.03958333333333333 0.20277777777777778 0.052083333333333336 0.22361111111111112 0.0609375 0.22962962962962963 0.0671875 0.22361111111111112 0.10520833333333333 0.21481481481481482 0.11197916666666667 0.2064814814814815 0.12317708333333334 0.1824074074074074 0.13776041666666666 0.14444444444444443 0.11848958333333333 0.11666666666666667 0.11015625 0.10277777777777777 0.10859375 0.04537037037037037 0.10911458333333333 0.03888888888888889 0.10572916666666667 0.043055555555555555 0.08828125 0.029166666666666667 0.08151041666666667 0.02546296296296296 0.08151041666666667 0.022685185185185187 0.10598958333333333 0.018518518518518517 0.10859375 0 0.10911458333333333 0 0.0421875 0.03148148148148148 0.02890625 0.06388888888888888 0.021875 0.11481481481481481 0.019270833333333334
0 0.2064814814814815 0 0.26296296296296295 0 0.26296296296296295 0.0015625 0.2375 0.009895833333333333 0.22037037037037038 0.020052083333333335 0.21666666666666667 0.01875 0.20925925925925926 0.00859375 0.2064814814814815 0.00026041666666666666
0 0.7166666666666667 0.01875 0.7550925925925925 0.025260416666666667 0.7810185185185186 0.034375 0.8060185185185185 0.049479166666666664 0.8166666666666667 0.0609375 0.7805555555555556 0.08151041666666667 0.7564814814814815 0.10442708333333334 0.7069444444444445 0.10755208333333334 0.6893518518518519 0.11119791666666666 0.6560185185185186 0.12317708333333334 0.6481481481481481 0.12213541666666666 0.6430555555555556 0.11822916666666666 0.624537037037037 0.08567708333333333 0.5976851851851852 0.06380208333333333 0.5958333333333333 0.05 0.5990740740740741 0.046614583333333334 0.6268518518518519 0.04010416666666667 0.6689814814814815 0.022395833333333334 0.6944444444444444 0.019010416666666665 0.7162037037037037 0.01875
0 0.27175925925925926 0 0.3425925925925926 0 0.34305555555555556 0.0018229166666666667 0.3541666666666667 0.002864583333333333 0.3787037037037037 0.0109375 0.39814814814814814 0.023177083333333334 0.41574074074074074 0.04192708333333333 0.4222222222222222 0.05364583333333333 0.425 0.06666666666666667 0.3976851851851852 0.10520833333333333 0.3902777777777778 0.10833333333333334 0.37916666666666665 0.10729166666666666 0.3416666666666667 0.09739583333333333 0.3087962962962963 0.09427083333333333 0.2828703703703704 0.09635416666666667 0.25324074074074077 0.10130208333333333 0.2337962962962963 0.10130208333333333 0.2300925925925926 0.09609375 0.22962962962962963 0.08411458333333334 0.23472222222222222 0.065625 0.2222222222222222 0.05651041666666667 0.20555555555555555 0.0515625 0.2013888888888889 0.046614583333333334 0.2023148148148148 0.04114583333333333 0.2199074074074074 0.021875 0.23657407407407408 0.0109375 0.25462962962962965 0.00390625 0.2712962962962963 0.0018229166666666667 0.27175925925925926 0.00026041666666666666
0 0.9546296296296296 0.05364583333333333 0.9833333333333333 0.05677083333333333 0.999537037037037 0.06145833333333333 0.999537037037037 0.08723958333333333 0.9800925925925926 0.07317708333333334 0.9347222222222222 0.05807291666666667 0.9361111111111111 0.054947916666666666 0.9541666666666667 0.05364583333333333
0 0.7393518518518518 0.453125 0.7652777777777777 0.45364583333333336 0.7828703703703703 0.45703125 0.7768518518518519 0.47369791666666666 0.7379629629629629 0.47604166666666664 0.6898148148148148 0.47578125 0.674537037037037 0.47369791666666666 0.6777777777777778 0.4630208333333333 0.6847222222222222 0.4557291666666667 0.7388888888888889 0.453125
0 0.38935185185185184 0 0.4675925925925926 0 0.47175925925925927 0.004166666666666667 0.47685185185185186 0.00390625 0.48009259259259257 0 0.5888888888888889 0 0.6037037037037037 0.01484375 0.6125 0.03203125 0.612037037037037 0.036458333333333336 0.5953703703703703 0.0453125 0.5847222222222223 0.05859375 0.5712962962962963 0.057291666666666664 0.55 0.05182291666666667 0.5194444444444445 0.04973958333333333 0.47685185185185186 0.052083333333333336 0.43472222222222223 0.06354166666666666 0.42824074074074076 0.05963541666666667 0.41898148148148145 0.04296875 0.38981481481481484 0.012239583333333333 0.38935185185185184 0.00026041666666666666
0 0.7375 0.10572916666666667 0.7555555555555555 0.10911458333333333 0.7541666666666667 0.12447916666666667 0.7587962962962963 0.15807291666666667 0.7444444444444445 0.15989583333333332 0.7175925925925926 0.15729166666666666 0.6712962962962963 0.15625 0.6435185185185185 0.15442708333333333 0.638425925925926 0.1515625 0.649074074074074 0.1328125 0.6564814814814814 0.12682291666666667 0.6722222222222223 0.11927083333333334 0.6930555555555555 0.11119791666666666 0.737037037037037 0.10598958333333333
0 0.8134259259259259 0 0.9731481481481481 0 0.9861111111111112 0.017447916666666667 0.9930555555555556 0.0359375 0.9888888888888889 0.05026041666666667 0.9833333333333333 0.05520833333333333 0.9634259259259259 0.05260416666666667 0.9388888888888889 0.053125 0.9324074074074075 0.05546875 0.8796296296296297 0.05286458333333333 0.8226851851851852 0.05911458333333333 0.7837962962962963 0.03307291666666667 0.7851851851851852 0.02578125 0.7912037037037037 0.01796875 0.8134259259259259 0.00026041666666666666