0 0.4115740740740741 0.24505208333333334 0.45416666666666666 0.246875 0.4736111111111111 0.25052083333333336 0.4981481481481482 0.25755208333333335 0.524074074074074 0.26796875 0.5361111111111111 0.27395833333333336 0.5412037037037037 0.2791666666666667 0.5574074074074075 0.3145833333333333 0.5546296296296296 0.32734375 0.5425925925925926 0.3385416666666667 0.5328703703703703 0.34401041666666665 0.48657407407407405 0.3463541666666667 0.31342592592592594 0.34270833333333334 0.26666666666666666 0.34088541666666666 0.26064814814814813 0.33828125 0.2652777777777778 0.31953125 0.274537037037037 0.30390625 0.2953703703703704 0.2828125 0.3199074074074074 0.265625 0.3592592592592593 0.25104166666666666 0.4111111111111111 0.24505208333333334
0 0.8930555555555556 0 0.999537037037037 0 0.999537037037037 0.01953125 0.975925925925926 0.025 0.9388888888888889 0.03984375 0.9277777777777778 0.03854166666666667 0.9217592592592593 0.035416666666666666 0.8944444444444445 0.0049479166666666664 0.8930555555555556 0.00026041666666666666
0 0 0.12864583333333332 0.011574074074074073 0.12473958333333333 0.016203703703703703 0.12552083333333333 0.014351851851851852 0.15416666666666667 0.02361111111111111 0.18489583333333334 0.017592592592592594 0.19609375 0 0.20989583333333334 0 0.12890625
0 0.14166666666666666 0 0.28379629629629627 0 0.2791666666666667 0.021354166666666667 0.27546296296296297 0.024479166666666666 0.23194444444444445 0.02890625 0.1925925925925926 0.026302083333333334 0.16435185185185186 0.01953125 0.14305555555555555 0.0049479166666666664 0.14166666666666666 0.00026041666666666666
0 0.4185185185185185 0.13932291666666666 0.4486111111111111 0.14375 0.47314814814814815 0.15026041666666667 0.49444444444444446 0.15963541666666667 0.5092592592592593 0.16927083333333334 0.5268518518518519 0.1859375 0.5365740740740741 0.20052083333333334 0.5412037037037037 0.22057291666666667 0.5337962962962963 0.23463541666666668 0.5185185185185185 0.25026041666666665 0.5055555555555555 0.2559895833333333 0.4875 0.25338541666666664 0.4648148148148148 0.246875 0.44351851851851853 0.24401041666666667 0.40185185185185185 0.24348958333333334 0.35509259259259257 0.25026041666666665 0.32222222222222224 0.259375 0.31342592592592594 0.25859375 0.3074074074074074 0.25026041666666665 0.2986111111111111 0.2203125 0.2810185185185185 0.19270833333333334 0.2847222222222222 0.18619791666666666 0.30972222222222223 0.16875 0.3125 0.15807291666666667 0.3175925925925926 0.153125 0.38935185185185184 0.14036458333333332 0.41805555555555557 0.13932291666666666
0 0.2884259259259259 0 0.5157407407407407 0 0.5175925925925926 0.00546875 0.5152777777777777 0.0125 0.4777777777777778 0.034375 0.4625 0.03411458333333333 0.449537037037037 0.030989583333333334 0.40879629629629627 0.026302083333333334 0.3925925925925926 0.027083333333333334 0.3537037037037037 0.03125 0.33055555555555555 0.03828125 0.3101851851851852 0.04791666666666667 0.29953703703703705 0.04375 0.2884259259259259 0.03307291666666667 0.28425925925925927 0.019010416666666665 0.2884259259259259 0.00026041666666666666
0 0 0.23072916666666668 0.005092592592592593 0.23098958333333333 0.008333333333333333 0.23776041666666667 0.014814814814814815 0.26796875 0.027777777777777776 0.28541666666666665 0.04953703703703704 0.30703125 0.04814814814814815 0.3111979166666667 0.03425925925925926 0.3151041666666667 0 0.3190104166666667 0 0.23098958333333333
0 0.999537037037037 0.11953125 0.999537037037037 0.2669270833333333 0.9916666666666667 0.2669270833333333 0.975462962962963 0.26223958333333336 0.9458333333333333 0.24479166666666666 0.9291666666666667 0.22239583333333332 0.9212962962962963 0.19140625 0.924074074074074 0.16588541666666667 0.9356481481481481 0.15052083333333333 0.9495370370370371 0.13880208333333333 0.9680555555555556 0.12864583333333332 0.9912037037037037 0.11979166666666667 0.9990740740740741 0.11953125
0 0.725925925925926 0 0.8851851851851852 0 0.9074074074074074 0.02265625 0.9138888888888889 0.03958333333333333 0.9115740740740741 0.0546875 0.9037037037037037 0.06197916666666667 0.8898148148148148 0.06302083333333333 0.8546296296296296 0.05703125 0.8231481481481482 0.05703125 0.8 0.059895833333333336 0.7583333333333333 0.07213541666666666 0.7513888888888889 0.07161458333333333 0.7421296296296296 0.06484375 0.7347222222222223 0.05390625 0.7097222222222223 0.029166666666666667 0.7106481481481481 0.018489583333333334 0.725925925925926 0.00026041666666666666
0 0.6837962962962963 0.30104166666666665 0.7412037037037037 0.3028645833333333 0.7523148148148148 0.3046875 0.7555555555555555 0.30703125 0.7550925925925925 0.31354166666666666 0.7379629629629629 0.34765625 0.7287037037037037 0.35 0.700462962962963 0.35078125 0.5740740740740741 0.3489583333333333 0.5462962962962963 0.34739583333333335 0.5435185185185185 0.3453125 0.5625 0.32760416666666664 0.5939814814814814 0.31328125 0.6194444444444445 0.30703125 0.6652777777777777 0.30104166666666665 0.6833333333333333 0.30104166666666665
0 0.2800925925925926 0.029166666666666667 0.30277777777777776 0.05 0.30092592592592593 0.05703125 0.2828703703703704 0.07473958333333333 0.24675925925925926 0.054427083333333334 0.23842592592592593 0.041666666666666664 0.2412037037037037 0.035416666666666666 0.2796296296296296 0.029166666666666667
0 0.16435185185185186 0.15572916666666667 0.1935185185185185 0.15703125 0.2199074074074074 0.16302083333333334 0.2412037037037037 0.17161458333333332 0.25925925925925924 0.18203125 0.2759259259259259 0.19557291666666668 0.29305555555555557 0.21770833333333334 0.300462962962963 0.234375 0.3023148148148148 0.25338541666666664 0.29398148148148145 0.27578125 0.2800925925925926 0.2916666666666667 0.25833333333333336 0.3104166666666667 0.24444444444444444 0.31796875 0.22361111111111112 0.32526041666666666 0.19305555555555556 0.33098958333333334 0.16296296296296298 0.33359375 0.1300925925925926 0.33203125 0.09537037037037037 0.3255208333333333 0.08101851851851852 0.3216145833333333 0.056018518518518516 0.3106770833333333 0.03287037037037037 0.28880208333333335 0.015277777777777777 0.26536458333333335 0.00787037037037037 0.22395833333333334 0.018518518518518517 0.19973958333333333 0.029166666666666667 0.18854166666666666 0.047685185185185185 0.175 0.06805555555555555 0.16822916666666668 0.08796296296296297 0.16354166666666667 0.09861111111111111 0.16302083333333334 0.10925925925925926 0.15911458333333334 0.1638888888888889 0.15572916666666667
0 0.8375 0.05807291666666667 0.8694444444444445 0.06015625 0.9060185185185186 0.06796875 0.9226851851851852 0.07369791666666667 0.9361111111111111 0.08098958333333334 0.9574074074074074 0.0984375 0.9694444444444444 0.1125 0.9703703703703703 0.12239583333333333 0.9212962962962963 0.15651041666666668 0.8861111111111111 0.15416666666666667 0.8574074074074074 0.15625 0.8203703703703704 0.16223958333333333 0.7898148148148149 0.17135416666666667 0.7791666666666667 0.16848958333333333 0.774537037037037 0.16484375 0.7546296296296297 0.12864583333333332 0.7439814814814815 0.11796875 0.7236111111111111 0.10442708333333334 0.7203703703703703 0.09270833333333334 0.7273148148148149 0.08515625 0.7587962962962963 0.07682291666666667 0.7902777777777777 0.0640625 0.8050925925925926 0.06015625 0.837037037037037 0.05807291666666667
0 0.9138888888888889 0.25859375 0.9569444444444445 0.26015625 0.999537037037037 0.2708333333333333 0.999537037037037 0.2828125 0.9962962962962963 0.2830729166666667 0.9611111111111111 0.28072916666666664 0.8449074074074074 0.28046875 0.8305555555555556 0.278125 0.8277777777777777 0.27578125 0.8384259259259259 0.27005208333333336 0.8657407407407407 0.26145833333333335 0.913425925925926 0.25859375
0 0.1587962962962963 0.022916666666666665 0.1962962962962963 0.029166666666666667 0.21666666666666667 0.03619791666666667 0.23055555555555557 0.04348958333333333 0.23657407407407408 0.05026041666666667 0.2361111111111111 0.053385416666666664 0.17824074074074073 0.049479166666666664 0.11018518518518519 0.05963541666666667 0.09305555555555556 0.065625 0.05 0.08723958333333333 0.04675925925925926 0.08671875 0.044444444444444446 0.08203125 0.04490740740740741 0.0640625 0.05740740740740741 0.04635416666666667 0.07037037037037037 0.0359375 0.08472222222222223 0.029166666666666667 0.1050925925925926 0.024739583333333332 0.13842592592592592 0.021875 0.15833333333333333 0.022916666666666665
0 0.9583333333333334 0.065625 0.08333333333333333 0.10416666666666667
0 0.6666666666666666 0.2 0.7106481481481481 0.20260416666666667 0.7287037037037037 0.20651041666666667 0.7574074074074074 0.21614583333333334 0.7680555555555556 0.22239583333333332 0.7967592592592593 0.24869791666666666 0.8004629629629629 0.25729166666666664 0.7972222222222223 0.2703125 0.7893518518518519 0.2794270833333333 0.7703703703703704 0.28932291666666665 0.7532407407407408 0.3020833333333333 0.6675925925925926 0.29921875 0.6175925925925926 0.30572916666666666 0.5782407407407407 0.31536458333333334 0.5671296296296297 0.31328125 0.5569444444444445 0.30130208333333336 0.5462962962962963 0.27890625 0.5277777777777778 0.26510416666666664 0.5263888888888889 0.25755208333333335 0.5328703703703703 0.2453125 0.5486111111111112 0.23098958333333333 0.5763888888888888 0.21666666666666667 0.5953703703703703 0.20989583333333334 0.6296296296296297 0.20234375 0.6662037037037037 0.2
0 0.4097222222222222 0.027604166666666666 0.449537037037037 0.03203125 0.47824074074074074 0.039322916666666666 0.5087962962962963 0.06015625 0.5231481481481481 0.07734375 0.5296296296296297 0.09505208333333333 0.5287037037037037 0.11276041666666667 0.5055555555555555 0.140625 0.49444444444444446 0.14713541666666666 0.4875 0.1484375 0.4740740740740741 0.14791666666666667 0.4486111111111111 0.14166666666666666 0.4217592592592593 0.13776041666666666 0.38796296296296295 0.13880208333333333 0.34120370370370373 0.14453125 0.3314814814814815 0.14453125 0.325 0.13958333333333334 0.32222222222222224 0.13046875 0.32407407407407407 0.10208333333333333 0.31805555555555554 0.0953125 0.30416666666666664 0.09010416666666667 0.29074074074074074 0.08203125 0.2884259259259259 0.07682291666666667 0.29305555555555557 0.06770833333333333 0.3125 0.049479166666666664 0.33194444444444443 0.039322916666666666 0.3587962962962963 0.03229166666666667 0.40925925925925927 0.027604166666666666
0 0.07453703703703704 0 0.1412037037037037 0 0.15833333333333333 0.01875 0.15231481481481482 0.020833333333333332 0.08472222222222223 0.024479166666666666 0.0763888888888889 0.011458333333333333 0.07453703703703704 0.00026041666666666666
0 0.5888888888888889 0.0026041666666666665 0.625 0.004427083333333333 0.674074074074074 0.015104166666666667 0.6916666666666667 0.021354166666666667 0.7074074074074074 0.032552083333333336 0.725462962962963 0.050520833333333334 0.7314814814814815 0.059895833333333336 0.7328703703703704 0.07135416666666666 0.7282407407407407 0.078125 0.7027777777777777 0.096875 0.6819444444444445 0.09557291666666666 0.6638888888888889 0.09088541666666666 0.625462962962963 0.08880208333333334 0.5949074074074074 0.09088541666666666 0.55 0.10260416666666666 0.5430555555555555 0.1015625 0.5361111111111111 0.09505208333333333 0.5203703703703704 0.06744791666666666 0.49722222222222223 0.042708333333333334 0.49398148148148147 0.0328125 0.5032407407407408 0.02265625 0.5194444444444445 0.01484375 0.5486111111111112 0.007552083333333333 0.5884259259259259 0.0026041666666666665
0 0.6055555555555555 0 0.7060185185185185 0 0.7074074074074074 0.0049479166666666664 0.6986111111111111 0.01328125 0.6847222222222222 0.016927083333333332 0.6263888888888889 0.0036458333333333334 0.6055555555555555 0.0015625 0.6055555555555555 0.00026041666666666666
0 0.050462962962962966 0.31354166666666666 0.06805555555555555 0.31744791666666666 0.09537037037037037 0.32734375 0.11990740740740741 0.33125 0.12962962962962962 0.33489583333333334 0.11712962962962963 0.3375 0.06388888888888888 0.3377604166666667 0 0.33671875 0 0.321875 0.0412037037037037 0.3138020833333333 0.05 0.31354166666666666
0 0.6398148148148148 0.09010416666666667 0.6722222222222223 0.09427083333333333 0.7027777777777777 0.10104166666666667 0.7236111111111111 0.10885416666666667 0.7412037037037037 0.11953125 0.7541666666666667 0.13385416666666666 0.7592592592592593 0.14375 0.7615740740740741 0.16875 0.7560185185185185 0.18671875 0.7462962962962963 0.19713541666666667 0.7379629629629629 0.20182291666666666 0.662962962962963 0.19765625 0.6189814814814815 0.20182291666666666 0.5680555555555555 0.215625 0.5583333333333333 0.21380208333333334 0.5476851851851852 0.20494791666666667 0.5407407407407407 0.19427083333333334 0.5087962962962963 0.16145833333333334 0.5083333333333333 0.15260416666666668 0.5138888888888888 0.14036458333333332 0.5296296296296297 0.11953125 0.55 0.10729166666666666 0.5824074074074074 0.0953125 0.5944444444444444 0.09270833333333334 0.6393518518518518 0.09010416666666667
0 0.1935185185185185 0.0515625 0.21574074074074073 0.05286458333333333 0.2490740740740741 0.06015625 0.2763888888888889 0.07447916666666667 0.2884259259259259 0.084375 0.31157407407407406 0.0953125 0.3189814814814815 0.10234375 0.3212962962962963 0.10963541666666667 0.31805555555555554 0.14088541666666668 0.3143518518518518 0.14791666666666667 0.30324074074074076 0.15833333333333333 0.26666666666666666 0.18098958333333334 0.21666666666666667 0.15989583333333332 0.19953703703703704 0.15598958333333332 0.1726851851851852 0.15338541666666666 0.13518518518518519 0.15416666666666667 0.12361111111111112 0.15755208333333334 0.11527777777777778 0.15703125 0.08287037037037037 0.16119791666666666 0.029166666666666667 0.17786458333333333 0.022222222222222223 0.17265625 0.015277777777777777 0.14817708333333332 0.01712962962962963 0.13020833333333334 0.025925925925925925 0.1125 0.04259259259259259 0.09505208333333333 0.06527777777777778 0.08020833333333334 0.10277777777777777 0.06328125 0.16157407407407406 0.05234375 0.19305555555555556 0.0515625
0 0.8958333333333334 0.15651041666666668 0.9138888888888889 0.15833333333333333 0.9217592592592593 0.16171875 0.9189814814814815 0.19583333333333333 0.9236111111111112 0.21692708333333333 0.9319444444444445 0.23411458333333332 0.9476851851851852 0.24817708333333333 0.9481481481481482 0.2552083333333333 0.9324074074074075 0.25833333333333336 0.8824074074074074 0.25833333333333336 0.8245370370370371 0.27005208333333336 0.8166666666666667 0.26640625 0.812037037037037 0.25859375 0.762962962962963 0.21354166666666666 0.7648148148148148 0.20260416666666667 0.7842592592592592 0.18098958333333334 0.8208333333333333 0.1640625 0.8597222222222223 0.1578125 0.8953703703703704 0.15651041666666668