0 0.8689814814814815 0 0.999537037037037 0 0.999537037037037 0.011197916666666667 0.975925925925926 0.013802083333333333 0.95 0.021614583333333333 0.9351851851851852 0.028125 0.9046296296296297 0.046875 0.8865740740740741 0.040364583333333336 0.8800925925925925 0.034895833333333334 0.8782407407407408 0.019791666666666666 0.8689814814814815 0.00026041666666666666
0 0.638425925925926 0.011458333333333333 0.687037037037037 0.022135416666666668 0.7046296296296296 0.03619791666666667 0.7046296296296296 0.03984375 0.6773148148148148 0.05651041666666667 0.6537037037037037 0.08333333333333333 0.6217592592592592 0.08619791666666667 0.5986111111111111 0.09375 0.5638888888888889 0.09192708333333334 0.5601851851851852 0.08984375 0.5472222222222223 0.07005208333333333 0.5254629629629629 0.05286458333333333 0.5222222222222223 0.043229166666666666 0.5263888888888889 0.03854166666666667 0.5509259259259259 0.03125 0.5851851851851851 0.015104166666666667 0.6055555555555555 0.01171875 0.637962962962963 0.011458333333333333
0 0.8916666666666667 0.35885416666666664 0.9055555555555556 0.36041666666666666 0.9097222222222222 0.3625 0.9106481481481481 0.3729166666666667 0.9055555555555556 0.3776041666666667 0.8902777777777777 0.38385416666666666 0.8726851851851852 0.38776041666666666 0.8314814814814815 0.39114583333333336 0.7268518518518519 0.38828125 0.7268518518518519 0.38359375 0.7412037037037037 0.3614583333333333 0.7731481481481481 0.35911458333333335 0.8912037037037037 0.35885416666666664
0 0.0824074074074074 0.008333333333333333 0.10648148148148148 0.011979166666666667 0.11666666666666667 0.015104166666666667 0.12129629629629629 0.01953125 0.08796296296296297 0.01875 0.06388888888888888 0.020572916666666666 0.02824074074074074 0.028385416666666666 0.001388888888888889 0.040364583333333336 0 0.025260416666666667 0.018518518518518517 0.014583333333333334 0.03888888888888889 0.010677083333333334 0.08194444444444444 0.008333333333333333
0 0.34074074074074073 0 0.5199074074074074 0 0.538425925925926 0.025 0.5375 0.030729166666666665 0.5212962962962963 0.039322916666666666 0.5152777777777777 0.048177083333333336 0.5009259259259259 0.047135416666666666 0.4777777777777778 0.04140625 0.45046296296296295 0.040364583333333336 0.41435185185185186 0.04348958333333333 0.3800925925925926 0.054947916666666666 0.3763888888888889 0.053385416666666664 0.36157407407407405 0.030989583333333334 0.34074074074074073 0.011979166666666667 0.34074074074074073 0.00026041666666666666
0 0.9532407407407407 0.05755208333333333 0.09351851851851851 0.07604166666666666
0 0.09027777777777778 0.09427083333333333 0.12407407407407407 0.10104166666666667 0.14629629629629629 0.11223958333333334 0.17222222222222222 0.13333333333333333 0.18194444444444444 0.14713541666666666 0.1824074074074074 0.15416666666666667 0.16111111111111112 0.15572916666666667 0.006944444444444444 0.15729166666666666 0 0.15651041666666668 0 0.10546875 0.00787037037037037 0.10208333333333333 0.033796296296296297 0.09713541666666667 0.06388888888888888 0.09427083333333333 0.08981481481481482 0.09427083333333333
0 0.17685185185185184 0 0.24212962962962964 0 0.24212962962962964 0.0015625 0.22407407407407406 0.0033854166666666668 0.2162037037037037 0.006510416666666667 0.18935185185185185 0.02109375 0.18611111111111112 0.0203125 0.17777777777777778 0.007552083333333333 0.17685185185185184 0.00026041666666666666
0 0.07824074074074074 0 0.1726851851851852 0 0.1736111111111111 0.0036458333333333334 0.17037037037037037 0.011979166666666667 0.14351851851851852 0.023697916666666666 0.11898148148148148 0.0140625 0.08148148148148149 0.005729166666666666 0.07824074074074074 0.00026041666666666666
0 0.2814814814814815 0.0828125 0.3111111111111111 0.08776041666666666 0.34305555555555556 0.09921875 0.36064814814814816 0.11145833333333334 0.37407407407407406 0.12526041666666668 0.38101851851851853 0.13723958333333333 0.3819444444444444 0.14739583333333334 0.375 0.15104166666666666 0.362962962962963 0.15234375 0.25 0.15442708333333333 0.18935185185185185 0.153125 0.17777777777777778 0.13671875 0.17731481481481481 0.1296875 0.19212962962962962 0.10963541666666667 0.1925925925925926 0.10078125 0.19675925925925927 0.0953125 0.2518518518518518 0.084375 0.2810185185185185 0.0828125
0 0.7625 0.031510416666666666 0.8 0.03411458333333333 0.8412037037037037 0.045572916666666664 0.8564814814814815 0.055989583333333336 0.8703703703703703 0.07083333333333333 0.8768518518518519 0.08463541666666667 0.8768518518518519 0.09114583333333333 0.8731481481481481 0.09322916666666667 0.8537037037037037 0.09479166666666666 0.799537037037037 0.09557291666666666 0.7240740740740741 0.10104166666666667 0.6578703703703703 0.09791666666666667 0.6541666666666667 0.09557291666666666 0.6560185185185186 0.08489583333333334 0.6685185185185185 0.06744791666666666 0.6893518518518519 0.04973958333333333 0.7157407407407408 0.038802083333333334 0.7472222222222222 0.03229166666666667 0.7620370370370371 0.031510416666666666
0 0.5254629629629629 0 0.6907407407407408 0 0.6925925925925925 0.0078125 0.6902777777777778 0.016145833333333335 0.6856481481481481 0.019270833333333334 0.638425925925926 0.010677083333333334 0.6125 0.010416666666666666 0.5884259259259259 0.013802083333333333 0.5569444444444445 0.0265625 0.5467592592592593 0.028125 0.5393518518518519 0.021354166666666667 0.5254629629629629 0.00026041666666666666
0 0.17824074074074073 0.011979166666666667 0.1865740740740741 0.019270833333333334 0.18703703703703703 0.02265625 0.17175925925925925 0.0421875 0.14537037037037037 0.02578125 0.15416666666666667 0.019010416666666665 0.17777777777777778 0.011979166666666667
0 0.2439814814814815 0 0.29907407407407405 0 0.29953703703703705 0.0018229166666666667 0.324537037037037 0.0078125 0.3458333333333333 0.018489583333333334 0.35648148148148145 0.028385416666666666 0.3699074074074074 0.0453125 0.3731481481481482 0.05677083333333333 0.3523148148148148 0.08932291666666667 0.3453703703703704 0.0953125 0.2972222222222222 0.08359375 0.28055555555555556 0.08177083333333333 0.2523148148148148 0.08307291666666666 0.22546296296296298 0.0890625 0.2050925925925926 0.08880208333333334 0.20185185185185187 0.07786458333333333 0.20416666666666666 0.06041666666666667 0.19583333333333333 0.053385416666666664 0.18009259259259258 0.0484375 0.175 0.043229166666666666 0.1763888888888889 0.039322916666666666 0.18796296296296297 0.024479166666666666 0.20694444444444443 0.01171875 0.21712962962962962 0.0067708333333333336 0.24259259259259258 0.0020833333333333333 0.2439814814814815 0.00026041666666666666
0 0.09722222222222222 0.019010416666666665 0.12962962962962962 0.023697916666666666 0.1527777777777778 0.03177083333333333 0.175 0.047135416666666666 0.18981481481481483 0.053125 0.2 0.06015625 0.20046296296296295 0.08854166666666667 0.18981481481481483 0.09817708333333333 0.18564814814814815 0.109375 0.16712962962962963 0.11979166666666667 0.15462962962962962 0.11640625 0.12638888888888888 0.10052083333333334 0.09583333333333334 0.09401041666666667 0.06805555555555555 0.09322916666666667 0.043055555555555555 0.09557291666666666 0.03287037037037037 0.09296875 0.015277777777777777 0.09895833333333333 0 0.09921875 0 0.041666666666666664 0.02638888888888889 0.0296875 0.043055555555555555 0.025260416666666667 0.07453703703703704 0.019791666666666666 0.09675925925925925 0.019010416666666665
0 0.014351851851851852 0 0.07222222222222222 0 0.08009259259259259 0.005208333333333333 0.08101851851851852 0.008333333333333333 0.020370370370370372 0.013020833333333334 0.014814814814814815 0.008854166666666666 0.014351851851851852 0.00026041666666666666
0 0.6532407407407408 0.08359375 0.6527777777777778 0.09609375 0.65 0.09791666666666667 0.6018518518518519 0.09505208333333333 0.6032407407407407 0.09192708333333334 0.6134259259259259 0.08802083333333334 0.6527777777777778 0.08359375
0 0.9148148148148149 0.059895833333333336 0.9069444444444444 0.05390625 0.9060185185185186 0.05 0.9273148148148148 0.032552083333333336 0.9597222222222223 0.01796875 0.999537037037037 0.008854166666666666 0.999537037037037 0.017708333333333333 0.9671296296296297 0.027604166666666666 0.9527777777777777 0.03411458333333333 0.9148148148148149 0.05963541666666667
0 0.47175925925925927 0.041666666666666664 0.5078703703703704 0.04921875 0.5282407407407408 0.05703125 0.5467592592592593 0.07161458333333333 0.5546296296296296 0.08463541666666667 0.5550925925925926 0.09166666666666666 0.4425925925925926 0.09583333333333334 0.4273148148148148 0.09791666666666667 0.41712962962962963 0.10208333333333333 0.4101851851851852 0.10807291666666667 0.40694444444444444 0.13125 0.3939814814814815 0.13619791666666667 0.387037037037037 0.1359375 0.35509259259259257 0.10260416666666666 0.3578703703703704 0.0859375 0.36527777777777776 0.07135416666666666 0.37777777777777777 0.06041666666666667 0.40879629629629627 0.04635416666666667 0.42824074074074076 0.04244791666666667 0.47129629629629627 0.041666666666666664
0 0.3824074074074074 0.15078125 0.39675925925925926 0.13828125 0.4078703703703704 0.13489583333333333 0.4097222222222222 0.15078125 0.39444444444444443 0.15260416666666668 0.38287037037037036 0.15104166666666666
0 0.6712962962962963 0.35989583333333336 0.7277777777777777 0.3609375 0.7333333333333333 0.36276041666666664 0.7287037037037037 0.3763020833333333 0.7199074074074074 0.3880208333333333 0.6893518518518519 0.39088541666666665 0.6023148148148149 0.3924479166666667 0.5518518518518518 0.39114583333333336 0.5398148148148149 0.3848958333333333 0.5222222222222223 0.36640625 0.5236111111111111 0.36484375 0.5430555555555555 0.3625 0.6708333333333333 0.35989583333333336
0 0.7069444444444445 0 0.8652777777777778 0 0.8768518518518519 0.02421875 0.874537037037037 0.03671875 0.8712962962962963 0.03854166666666667 0.8097222222222222 0.03515625 0.763425925925926 0.03046875 0.7125 0.03671875 0.6912037037037037 0.021354166666666667 0.6949074074074074 0.0125 0.7069444444444445 0.00026041666666666666
0 0.8314814814814815 0.037760416666666664 0.8759259259259259 0.040625 0.8935185185185185 0.04635416666666667 0.9069444444444444 0.053385416666666664 0.912962962962963 0.05963541666666667 0.913425925925926 0.06458333333333334 0.9027777777777778 0.09166666666666666 0.8958333333333334 0.09296875 0.8791666666666667 0.09192708333333334 0.874537037037037 0.07630208333333334 0.8675925925925926 0.06666666666666667 0.8472222222222222 0.048177083333333336 0.825925925925926 0.03984375 0.8310185185185185 0.03802083333333333